Date,Open,High,Low,Close,Volume,Dividends,Stock Splits
2008-01-02,14.42,14.61,14.22,14.29,1164600,0.0,0
2008-01-03,14.29,14.42,13.74,13.76,1367600,0.0,0
2008-01-04,13.98,14.25,13.8,13.81,2704600,0.0,0
2008-01-07,13.85,13.94,13.45,13.52,2598800,0.0,0
2008-01-08,13.59,13.78,13.32,13.34,2020900,0.0,0
2008-01-09,13.27,13.4,13.07,13.18,1386000,0.0,0
2008-01-10,13.03,13.4,13.02,13.14,2825300,0.0,0
2008-01-11,13.12,13.33,13.01,13.05,1972700,0.0,0
2008-01-14,13.06,13.26,12.69,12.87,2105200,0.0,0
2008-01-15,12.75,12.96,12.63,12.79,2076400,0.0,0
2008-01-16,12.99,14.26,12.98,13.57,3985500,0.0,0
2008-01-17,13.59,13.74,13.21,13.21,1777000,0.0,0
2008-01-18,13.24,13.54,12.95,13.16,1581200,0.0,0
2008-01-22,12.65,13.21,12.45,12.73,1778000,0.0,0
2008-01-23,12.43,13.28,12.43,13.25,1931700,0.0,0
2008-01-24,13.32,13.32,12.63,12.65,1417200,0.0,0
2008-01-25,12.74,13.04,12.59,12.65,920300,0.0,0
2008-01-28,12.61,12.75,12.46,12.73,1793600,0.0,0
2008-01-29,12.85,12.96,12.71,12.77,786600,0.0,0
2008-01-30,12.77,12.94,12.57,12.6,1208900,0.23,0
2008-01-31,12.44,13.26,12.43,13.17,1333600,0.0,0
2008-02-01,13.24,13.5,13.07,13.47,891000,0.0,0
2008-02-04,13.53,13.82,13.31,13.74,838100,0.0,0
2008-02-05,13.52,13.76,13.44,13.62,1424200,0.0,0
2008-02-06,13.64,13.81,13.47,13.5,1646200,0.0,0
2008-02-07,13.42,13.57,13.22,13.31,1225900,0.0,0
2008-02-08,13.29,13.35,12.96,12.99,1278900,0.0,0
2008-02-11,12.11,12.11,9.08,9.77,11853800,0.0,0
2008-02-12,9.32,9.92,9.32,9.7,4930900,0.0,0
2008-02-13,9.79,10.37,9.4,9.45,3832000,0.0,0
2008-02-14,9.49,9.58,9.15,9.19,3339900,0.0,0
2008-02-15,9.15,9.28,9.04,9.23,2501600,0.0,0
2008-02-19,9.32,9.34,8.86,8.98,2283500,0.0,0
2008-02-20,8.95,9.04,8.87,8.98,2107500,0.0,0
2008-02-21,9.04,9.1,8.68,8.72,2679900,0.0,0
2008-02-22,8.76,8.8,8.55,8.7,2884300,0.0,0
2008-02-25,8.71,8.76,8.53,8.59,1855800,0.0,0
2008-02-26,8.58,8.64,8.46,8.58,1456400,0.0,0
2008-02-27,8.5,8.6,8.35,8.35,1276800,0.0,0
2008-02-28,8.35,8.44,8.26,8.35,1697600,0.0,0
2008-02-29,8.28,8.33,8.03,8.08,1389900,0.0,0
2008-03-03,8.09,8.11,7.88,8.05,1574700,0.0,0
2008-03-04,8.04,8.22,8.01,8.1,1613100,0.0,0
2008-03-05,8.23,8.23,7.92,8.1,1906500,0.0,0
2008-03-06,8.07,8.08,7.77,7.78,1140600,0.0,0
2008-03-07,6.54,6.87,6.1,6.36,7575800,0.0,0
2008-03-10,6.36,7.37,6.27,6.81,5756700,0.0,0
2008-03-11,6.97,7.09,6.82,6.94,3769300,0.0,0
2008-03-12,6.96,7.11,6.64,6.64,2125700,0.0,0
2008-03-13,6.57,6.7,6.38,6.64,2472800,0.0,0
2008-03-14,6.64,6.9,6.48,6.9,3203300,0.0,0
2008-03-17,6.77,6.86,6.65,6.79,4043600,0.0,0
2008-03-18,6.87,6.92,6.62,6.83,2885500,0.0,0
2008-03-19,6.88,6.98,6.81,6.81,2855600,0.0,0
2008-03-20,6.92,8.05,6.92,7.97,7099800,0.0,0
2008-03-24,8.33,9.19,8.33,9.04,6460300,0.0,0
2008-03-25,9.35,9.54,8.65,8.73,2554800,0.0,0
2008-03-26,8.73,8.96,8.73,8.9,3316600,0.0,0
2008-03-27,8.92,9.04,8.42,8.44,2097000,0.0,0
2008-03-28,8.49,8.53,8.19,8.33,1897500,0.0,0
2008-03-31,8.39,8.52,8.2,8.5,1945800,0.0,0
2008-04-01,8.5,8.85,8.5,8.81,1686700,0.0,0
2008-04-02,8.65,9.65,8.65,9.48,3609900,0.0,0
2008-04-03,9.43,9.43,8.98,9.18,2127100,0.0,0
2008-04-04,9.2,9.3,9.0,9.08,1700900,0.0,0
2008-04-07,9.17,9.17,8.86,9.05,1195800,0.23,0
2008-04-08,9.0,9.11,8.94,9.03,711300,0.0,0
2008-04-09,9.08,9.09,8.81,8.88,979700,0.0,0
2008-04-10,8.82,9.03,8.77,8.9,1019300,0.0,0
2008-04-11,8.82,8.94,8.72,8.83,761100,0.0,0
2008-04-14,8.85,9.11,8.75,9.1,1600400,0.0,0
2008-04-15,9.11,9.48,9.03,9.44,1475400,0.0,0
2008-04-16,9.47,9.78,9.38,9.75,1515200,0.0,0
2008-04-17,9.73,9.73,9.3,9.41,1449500,0.0,0
2008-04-18,9.57,9.69,9.37,9.47,1875100,0.0,0
2008-04-21,9.41,9.68,9.41,9.55,961400,0.0,0
2008-04-22,9.55,9.58,9.3,9.37,1063900,0.0,0
2008-04-23,9.38,9.54,9.26,9.52,1062500,0.0,0
2008-04-24,9.55,10.17,9.47,10.04,1506400,0.0,0
2008-04-25,10.09,10.22,9.78,9.96,1338900,0.0,0
2008-04-28,9.99,10.06,9.8,9.94,1142000,0.0,0
2008-04-29,10.02,10.06,9.86,9.97,940300,0.0,0
2008-04-30,9.97,10.22,9.85,10.06,973400,0.0,0
2008-05-01,10.06,10.48,10.01,10.42,1956900,0.0,0
2008-05-02,10.43,10.57,10.32,10.4,1099400,0.0,0
2008-05-05,10.4,10.44,10.08,10.2,1070500,0.0,0
2008-05-06,10.08,10.21,9.97,10.15,920400,0.0,0
2008-05-07,9.38,9.85,7.86,9.38,6084000,0.0,0
2008-05-08,9.53,9.53,9.04,9.3,1896800,0.0,0
2008-05-09,9.29,9.58,9.0,9.58,1578700,0.0,0
2008-05-12,9.65,9.85,9.51,9.7,1102300,0.0,0
2008-05-13,9.72,9.77,9.51,9.76,919600,0.0,0
2008-05-14,9.81,9.96,9.72,9.84,607300,0.0,0
2008-05-15,9.81,10.15,9.79,10.13,754200,0.0,0
2008-05-16,10.06,10.37,9.89,10.34,890500,0.0,0
2008-05-19,10.29,10.62,10.27,10.31,1341700,0.0,0
2008-05-20,10.3,10.36,10.15,10.29,923300,0.0,0
2008-05-21,10.39,10.48,10.28,10.43,1734700,0.0,0
2008-05-22,10.37,10.77,10.35,10.56,1540100,0.0,0
2008-05-23,10.54,10.54,9.84,9.88,1404700,0.0,0
2008-05-27,9.9,10.12,9.88,10.09,1208100,0.0,0
2008-05-28,10.09,10.25,10.02,10.17,1595800,0.0,0
2008-05-29,10.13,10.51,10.13,10.27,1448700,0.0,0
2008-05-30,10.37,10.45,10.17,10.31,1294000,0.0,0
2008-06-02,10.26,10.49,10.26,10.46,1270900,0.0,0
2008-06-03,10.47,10.55,10.35,10.43,849100,0.0,0
2008-06-04,10.36,10.65,10.3,10.55,803700,0.0,0
2008-06-05,10.58,10.59,10.41,10.56,784800,0.0,0
2008-06-06,10.5,10.55,10.13,10.2,1238100,0.0,0
2008-06-09,10.26,10.38,10.19,10.3,728300,0.0,0
2008-06-10,10.04,10.22,9.75,9.98,1963900,0.0,0
2008-06-11,9.99,10.09,9.68,9.75,1116200,0.0,0
2008-06-12,9.72,9.94,9.44,9.46,1098300,0.0,0
2008-06-13,9.51,9.61,9.33,9.5,1174800,0.0,0
2008-06-16,9.45,9.47,9.17,9.39,982800,0.0,0
2008-06-17,9.4,9.63,9.32,9.49,612200,0.0,0
2008-06-18,9.49,9.54,9.31,9.39,629200,0.0,0
2008-06-19,9.4,9.47,9.25,9.37,940100,0.0,0
2008-06-20,9.31,9.37,8.88,8.99,1440000,0.0,0
2008-06-23,8.99,9.12,8.53,8.61,1990600,0.0,0
2008-06-24,8.62,8.66,8.53,8.58,812800,0.0,0
2008-06-25,8.62,8.74,8.57,8.67,1627200,0.0,0
2008-06-26,8.61,8.74,8.33,8.35,871400,0.0,0
2008-06-27,8.29,8.33,8.04,8.14,2280000,0.0,0
2008-06-30,8.15,8.35,7.97,8.3,1625800,0.0,0
2008-07-01,8.2,8.45,8.17,8.28,2331800,0.0,0
2008-07-02,8.21,8.47,8.05,8.05,945600,0.0,0
2008-07-03,8.09,8.15,8.02,8.06,767900,0.0,0
2008-07-07,8.06,8.21,7.79,7.8,1709200,0.0,0
2008-07-08,7.81,8.13,7.67,8.06,2195100,0.0,0
2008-07-09,8.06,8.27,7.98,8.03,1230100,0.0,0
2008-07-10,8.02,8.11,7.75,7.83,1616600,0.0,0
2008-07-11,7.72,7.88,7.66,7.79,1357200,0.0,0
2008-07-14,7.86,7.99,7.7,7.74,1280400,0.0,0
2008-07-15,7.68,8.04,7.53,7.86,1186400,0.0,0
2008-07-16,7.89,8.25,7.89,8.02,1005400,0.0,0
2008-07-17,8.05,8.22,7.94,8.05,1250400,0.0,0
2008-07-18,8.09,8.13,7.78,7.93,1110600,0.0,0
2008-07-21,7.97,8.2,7.93,8.13,781400,0.0,0
2008-07-22,8.09,8.49,8.07,8.48,759200,0.0,0
2008-07-23,8.99,8.99,8.05,8.15,1353200,0.0,0
2008-07-24,8.13,8.15,7.74,7.75,1116700,0.0,0
2008-07-25,7.77,7.85,7.61,7.63,627300,0.0,0
2008-07-28,7.63,7.65,7.44,7.54,620600,0.0,0
2008-07-29,7.59,7.87,7.51,7.81,827200,0.0,0
2008-07-30,7.82,8.02,7.68,8.0,643000,0.0,0
2008-07-31,7.9,8.2,7.82,8.13,1024600,0.0,0
2008-08-01,8.13,8.15,7.95,7.96,460400,0.0,0
2008-08-04,8.01,8.04,7.8,7.88,744100,0.0,0
2008-08-05,7.93,8.15,7.91,8.12,838100,0.0,0
2008-08-06,8.11,8.34,8.1,8.29,635500,0.0,0
2008-08-07,8.26,8.83,8.26,8.53,1055900,0.0,0
2008-08-08,8.46,8.87,8.46,8.78,1237400,0.0,0
2008-08-11,8.7,9.06,8.68,8.95,1422100,0.0,0
2008-08-12,7.97,8.45,7.72,7.85,3652100,0.0,0
2008-08-13,7.64,7.98,7.2,7.45,2143300,0.0,0
2008-08-14,7.36,7.39,7.15,7.33,1062700,0.0,0
2008-08-15,7.34,8.23,7.34,8.13,1697000,0.0,0
2008-08-18,8.13,8.4,8.02,8.35,1351100,0.0,0
2008-08-19,8.37,8.47,8.16,8.42,1280400,0.125,0
2008-08-20,8.14,8.32,8.02,8.31,1867900,0.0,0
2008-08-21,8.18,8.39,7.84,8.12,939700,0.0,0
2008-08-22,8.16,8.23,8.07,8.2,785100,0.0,0
2008-08-25,8.2,8.25,7.93,7.96,775200,0.0,0
2008-08-26,7.96,7.99,7.69,7.91,1006800,0.0,0
2008-08-27,7.9,8.11,7.87,8.09,628500,0.0,0
2008-08-28,8.11,8.31,8.02,8.31,583100,0.0,0
2008-08-29,8.31,8.49,8.26,8.27,982400,0.0,0
2008-09-02,8.21,8.53,8.08,8.18,671900,0.0,0
2008-09-03,8.13,8.42,8.04,8.25,587500,0.0,0
2008-09-04,8.25,8.28,7.95,7.96,902700,0.0,0
2008-09-05,7.91,7.98,7.8,7.92,552900,0.0,0
2008-09-08,8.04,8.76,8.04,8.41,2337500,0.0,0
2008-09-09,8.42,8.63,8.29,8.32,2082400,0.0,0
2008-09-10,8.34,8.37,7.88,7.94,2697200,0.0,0
2008-09-11,7.9,7.9,7.54,7.71,2613000,0.0,0
2008-09-12,7.64,8.17,7.55,7.71,2326100,0.0,0
2008-09-15,7.37,7.76,7.1,7.55,1368600,0.0,0
2008-09-16,7.5,7.61,7.17,7.6,1198900,0.0,0
2008-09-17,7.52,7.52,7.15,7.19,1288100,0.0,0
2008-09-18,7.25,7.99,7.25,7.66,2526500,0.0,0
2008-09-19,8.24,8.45,7.96,8.37,2241000,0.0,0
2008-09-22,8.38,8.6,8.04,8.08,780700,0.0,0
2008-09-23,8.03,8.27,7.86,8.0,677000,0.0,0
2008-09-24,7.93,8.13,7.73,7.76,831200,0.0,0
2008-09-25,7.83,8.14,7.63,8.05,830200,0.0,0
2008-09-26,7.97,8.14,7.88,8.1,720200,0.0,0
2008-09-29,7.89,7.95,7.11,7.16,1056200,0.0,0
2008-09-30,7.2,7.27,6.93,7.18,1776700,0.0,0
2008-10-01,7.19,7.29,7.01,7.28,878100,0.0,0
2008-10-02,7.24,7.27,6.7,6.76,994500,0.0,0
2008-10-03,6.84,7.13,6.66,6.69,1440000,0.0,0
2008-10-06,6.59,6.91,6.3,6.86,1419700,0.0,0
2008-10-07,6.94,7.09,6.37,6.37,1259000,0.0,0
2008-10-08,6.19,6.59,6.09,6.22,1315400,0.0,0
2008-10-09,6.22,6.48,5.9,6.03,1163000,0.0,0
2008-10-10,5.86,6.49,5.36,6.4,1562000,0.0,0
2008-10-13,6.66,7.08,6.49,7.08,921200,0.0,0
2008-10-14,7.41,7.41,6.57,7.04,1051300,0.0,0
2008-10-15,6.91,6.94,6.23,6.25,893800,0.0,0
2008-10-16,6.27,6.82,5.99,6.75,956400,0.0,0
2008-10-17,6.53,6.89,6.37,6.63,1085900,0.0,0
2008-10-20,6.66,6.9,6.35,6.89,835300,0.0,0
2008-10-21,6.67,6.8,6.35,6.67,1023600,0.0,0
2008-10-22,6.54,6.66,5.99,6.25,1354000,0.0,0
2008-10-23,6.39,6.5,5.61,6.17,973100,0.0,0
2008-10-24,5.65,6.07,5.61,5.9,1122300,0.0,0
2008-10-27,5.81,6.02,5.65,5.75,923500,0.0,0
2008-10-28,5.76,6.33,5.65,6.33,1067500,0.0,0
2008-10-29,6.24,6.54,5.87,6.24,829600,0.125,0
2008-10-30,6.4,6.78,6.31,6.76,681500,0.0,0
2008-10-31,6.83,6.93,6.52,6.93,1098000,0.0,0
2008-11-03,7.04,7.04,6.71,6.91,685900,0.0,0
2008-11-04,6.41,7.05,6.41,6.76,941000,0.0,0
2008-11-05,7.03,7.03,6.41,6.46,720000,0.0,0
2008-11-06,6.45,6.59,5.89,5.97,1000300,0.0,0
2008-11-07,6.01,6.31,5.87,6.27,577900,0.0,0
2008-11-10,6.34,6.44,5.95,6.02,461300,0.0,0
2008-11-11,5.96,6.4,5.79,6.15,479500,0.0,0
2008-11-12,6.05,6.29,5.89,5.94,549700,0.0,0
2008-11-13,6.01,6.42,5.69,6.39,1532700,0.0,0
2008-11-14,6.12,6.54,6.12,6.18,1055000,0.0,0
2008-11-17,6.13,6.58,6.05,6.42,612700,0.0,0
2008-11-18,6.41,6.8,6.3,6.63,910600,0.0,0
2008-11-19,6.66,6.79,6.02,6.04,661100,0.0,0
2008-11-20,5.9,6.12,5.49,5.59,849300,0.0,0
2008-11-21,5.7,6.21,5.38,6.16,944700,0.0,0
2008-11-24,6.22,6.65,5.94,6.51,795700,0.0,0
2008-11-25,6.65,6.94,6.5,6.9,1403200,0.0,0
2008-11-26,6.77,7.49,6.67,7.34,1102900,0.0,0
2008-11-28,7.2,7.49,7.1,7.43,456200,0.0,0
2008-12-01,7.23,7.42,6.66,6.7,754000,0.0,0
2008-12-02,6.82,7.09,6.61,7.06,706500,0.0,0
2008-12-03,6.88,7.42,6.5,7.37,1117200,0.0,0
2008-12-04,7.25,7.51,6.64,6.95,1081700,0.0,0
2008-12-05,6.86,7.27,6.55,7.2,1268100,0.0,0
2008-12-08,7.32,7.48,7.2,7.31,927200,0.0,0
2008-12-09,7.26,7.79,7.21,7.3,1044000,0.0,0
2008-12-10,7.27,7.64,7.23,7.46,533700,0.0,0
2008-12-11,7.37,7.46,7.05,7.18,659600,0.0,0
2008-12-12,7.06,7.64,6.92,7.52,1009300,0.0,0
2008-12-15,7.46,7.61,7.2,7.4,806000,0.0,0
2008-12-16,7.32,7.58,7.22,7.55,1100200,0.0,0
2008-12-17,7.4,7.58,7.24,7.47,984000,0.0,0
2008-12-18,7.47,7.59,7.17,7.32,1042700,0.0,0
2008-12-19,7.38,7.78,7.13,7.33,2945600,0.0,0
2008-12-22,7.35,7.41,7.02,7.3,789100,0.0,0
2008-12-23,7.42,7.5,7.2,7.27,642900,0.0,0
2008-12-24,7.21,7.31,7.1,7.18,246600,0.0,0
2008-12-26,7.18,7.31,7.14,7.3,243800,0.0,0
2008-12-29,7.27,7.35,7.01,7.1,558600,0.0,0
2008-12-30,7.05,7.17,6.8,7.0,1299800,0.0,0
2008-12-31,6.93,7.23,6.81,7.17,1410500,0.0,0
2009-01-02,7.15,7.54,7.12,7.47,717900,0.0,0
2009-01-05,7.47,7.66,7.44,7.6,914700,0.0,0
2009-01-06,7.59,8.18,7.59,7.8,1074900,0.0,0
2009-01-07,7.74,7.89,7.63,7.74,615800,0.0,0
2009-01-08,7.7,7.87,7.66,7.86,734400,0.0,0
2009-01-09,7.85,7.89,7.55,7.68,530600,0.0,0
2009-01-12,7.74,7.82,7.57,7.57,596600,0.0,0
2009-01-13,7.57,7.64,7.42,7.57,624700,0.0,0
2009-01-14,7.39,7.5,7.27,7.4,707100,0.0,0
2009-01-15,7.37,7.53,7.15,7.52,661600,0.0,0
2009-01-16,7.6,7.78,7.39,7.59,752400,0.0,0
2009-01-20,7.55,7.55,7.16,7.18,624300,0.0,0
2009-01-21,7.3,7.55,7.2,7.53,883300,0.125,0
2009-01-22,7.32,7.48,7.23,7.37,998600,0.0,0
2009-01-23,7.24,7.45,7.17,7.34,605200,0.0,0
2009-01-26,7.36,7.74,7.34,7.63,667800,0.0,0
2009-01-27,7.69,7.78,7.58,7.63,660400,0.0,0
2009-01-28,7.7,7.78,7.4,7.55,933600,0.0,0
2009-01-29,7.55,7.59,7.42,7.42,1635400,0.0,0
2009-01-30,7.52,7.63,7.19,7.23,1013600,0.0,0
2009-02-02,7.24,7.24,7.0,7.11,1242400,0.0,0
2009-02-03,7.11,7.23,6.91,7.13,1150800,0.0,0
2009-02-04,7.13,7.24,6.92,7.03,627500,0.0,0
2009-02-05,7.0,7.26,6.95,7.09,880900,0.0,0
2009-02-06,6.92,7.01,6.48,6.87,1447800,0.0,0
2009-02-09,6.87,6.88,6.52,6.54,666500,0.0,0
2009-02-10,6.51,6.53,6.11,6.13,1207600,0.0,0
2009-02-11,6.11,6.21,5.95,6.1,1151100,0.0,0
2009-02-12,6.05,6.15,5.87,6.12,1035100,0.0,0
2009-02-13,6.08,6.31,6.03,6.12,820900,0.0,0
2009-02-17,5.97,5.97,5.73,5.75,969900,0.0,0
2009-02-18,5.75,5.83,5.61,5.67,1258900,0.0,0
2009-02-19,5.67,5.78,5.57,5.58,772000,0.0,0
2009-02-20,5.47,5.51,5.11,5.22,911800,0.0,0
2009-02-23,5.18,5.26,4.94,4.95,791900,0.0,0
2009-02-24,5.03,5.11,4.92,5.1,752200,0.0,0
2009-02-25,5.08,5.09,4.88,4.95,934500,0.0,0
2009-02-26,4.98,5.23,4.98,5.11,1442400,0.0,0
2009-02-27,5.02,5.62,4.98,5.54,2724900,0.0,0
2009-03-02,5.4,5.56,5.13,5.15,2046000,0.0,0
2009-03-03,5.31,5.94,4.51,4.54,2092600,0.0,0
2009-03-04,4.57,4.98,4.49,4.88,1350400,0.0,0
2009-03-05,4.72,4.84,4.45,4.52,849900,0.0,0
2009-03-06,4.51,4.65,4.28,4.46,779500,0.0,0
2009-03-09,4.44,4.71,4.44,4.57,1366800,0.0,0
2009-03-10,4.69,4.93,4.69,4.86,957000,0.0,0
2009-03-11,4.93,4.93,4.68,4.79,1135100,0.0,0
2009-03-12,4.76,4.85,4.64,4.79,1082500,0.0,0
2009-03-13,4.84,5.17,4.8,5.13,1517000,0.0,0
2009-03-16,5.13,5.59,5.13,5.41,1203700,0.0,0
2009-03-17,5.54,5.75,5.34,5.7,1983700,0.0,0
2009-03-18,5.73,6.3,5.67,6.26,1786400,0.0,0
2009-03-19,6.47,6.63,6.24,6.34,1642600,0.0,0
2009-03-20,6.37,6.39,6.18,6.24,1383900,0.0,0
2009-03-23,6.38,6.47,6.24,6.43,976300,0.0,0
2009-03-24,6.31,6.37,6.04,6.11,1268900,0.0,0
2009-03-25,6.13,6.44,5.79,6.01,1627600,0.0,0
2009-03-26,6.08,6.33,5.93,6.29,1593700,0.0,0
2009-03-27,6.34,6.34,5.99,6.04,831500,0.0,0
2009-03-30,5.93,5.98,5.75,5.85,728500,0.0,0
2009-03-31,5.78,6.13,5.78,5.95,920000,0.0,0
2009-04-01,5.94,6.04,5.71,5.77,1532700,0.0,0
2009-04-02,5.88,6.12,5.87,6.07,1190800,0.0,0
2009-04-03,6.07,6.2,6.03,6.15,858100,0.0,0
2009-04-06,6.14,6.2,6.01,6.09,889900,0.125,0
2009-04-07,5.98,6.07,5.91,5.91,566400,0.0,0
2009-04-08,5.93,6.04,5.93,6.04,406700,0.0,0
2009-04-09,6.15,6.23,6.05,6.23,552400,0.0,0
2009-04-13,6.16,6.16,5.98,6.01,538400,0.0,0
2009-04-14,5.93,6.06,5.88,6.02,1125200,0.0,0
2009-04-15,5.99,6.27,5.99,6.22,914300,0.0,0
2009-04-16,6.24,6.42,6.23,6.38,783900,0.0,0
2009-04-17,6.37,6.49,6.34,6.42,747900,0.0,0
2009-04-20,6.32,6.42,6.01,6.05,762200,0.0,0
2009-04-21,5.98,6.26,5.96,6.18,791400,0.0,0
2009-04-22,6.12,6.21,5.88,5.9,1446400,0.0,0
2009-04-23,5.91,5.94,5.78,5.84,932900,0.0,0
2009-04-24,5.79,5.93,5.76,5.82,965800,0.0,0
2009-04-27,5.72,5.85,5.69,5.75,897800,0.0,0
2009-04-28,5.61,6.09,5.61,6.04,879100,0.0,0
2009-04-29,6.09,6.28,6.04,6.22,634700,0.0,0
2009-04-30,6.27,6.33,6.15,6.23,1048300,0.0,0
2009-05-01,6.5,6.88,6.26,6.83,1267100,0.0,0
2009-05-04,6.78,7.31,6.39,7.09,1102400,0.0,0
2009-05-05,7.17,7.29,6.99,7.26,924500,0.0,0
2009-05-06,7.28,7.34,7.14,7.29,589400,0.0,0
2009-05-07,7.36,7.4,7.19,7.31,955100,0.0,0
2009-05-08,7.42,7.59,7.41,7.54,844100,0.0,0
2009-05-11,7.47,7.5,7.3,7.34,610600,0.0,0
2009-05-12,7.4,7.48,7.21,7.29,549600,0.0,0
2009-05-13,7.18,7.28,6.85,6.88,1524800,0.0,0
2009-05-14,6.94,7.12,6.88,7.05,680500,0.0,0
2009-05-15,7.04,7.04,6.71,6.84,746800,0.0,0
2009-05-18,6.92,6.97,6.7,6.78,599100,0.0,0
2009-05-19,6.73,6.98,6.71,6.89,873100,0.0,0
2009-05-20,6.94,7.02,6.81,6.83,476600,0.0,0
2009-05-21,6.77,6.85,6.72,6.8,568300,0.0,0
2009-05-22,6.8,6.87,6.69,6.73,374100,0.0,0
2009-05-26,6.74,7.04,6.61,7.02,462600,0.0,0
2009-05-27,6.99,7.05,6.77,6.78,428300,0.0,0
2009-05-28,6.82,6.92,6.69,6.78,522900,0.0,0
2009-05-29,6.88,7.05,6.66,6.76,821600,0.0,0
2009-06-01,6.86,7.23,6.86,7.21,506000,0.0,0
2009-06-02,7.2,7.26,7.1,7.14,507700,0.0,0
2009-06-03,7.19,7.19,6.8,6.88,628100,0.0,0
2009-06-04,6.85,6.96,6.83,6.94,1000400,0.0,0
2009-06-05,7.03,7.07,6.86,6.98,528100,0.0,0
2009-06-08,6.92,7.03,6.87,6.95,381500,0.0,0
2009-06-09,6.95,7.18,6.92,7.1,701000,0.0,0
2009-06-10,7.12,7.2,7.0,7.14,464000,0.0,0
2009-06-11,7.12,7.31,7.1,7.24,508600,0.0,0
2009-06-12,7.23,7.39,7.11,7.37,337600,0.0,0
2009-06-15,7.35,7.35,6.98,7.1,609400,0.0,0
2009-06-16,7.16,7.26,7.13,7.15,573800,0.0,0
2009-06-17,7.12,7.28,7.07,7.23,356100,0.0,0
2009-06-18,7.21,7.52,7.21,7.48,586100,0.0,0
2009-06-19,7.58,7.71,7.43,7.48,863800,0.0,0
2009-06-22,7.39,7.53,7.37,7.44,479700,0.0,0
2009-06-23,7.59,7.72,7.3,7.36,546400,0.0,0
2009-06-24,7.41,7.62,7.35,7.53,506100,0.0,0
2009-06-25,7.51,7.87,7.37,7.79,915200,0.0,0
2009-06-26,7.77,8.03,7.68,7.95,1234500,0.0,0
2009-06-29,7.99,8.07,7.79,7.99,383600,0.0,0
2009-06-30,8.07,8.1,7.75,7.83,837900,0.0,0
2009-07-01,7.95,8.06,7.82,8.03,496800,0.0,0
2009-07-02,7.91,8.01,7.64,7.64,408900,0.0,0
2009-07-06,7.59,7.83,7.59,7.79,378000,0.0,0
2009-07-07,7.76,7.84,7.64,7.64,350500,0.0,0
2009-07-08,7.7,7.84,7.57,7.67,689600,0.0,0
2009-07-09,7.65,7.91,7.65,7.8,491800,0.0,0
2009-07-10,7.78,7.99,7.72,7.96,506700,0.0,0
2009-07-13,7.96,8.26,7.89,8.18,758400,0.0,0
2009-07-14,8.15,8.21,8.07,8.19,451800,0.0,0
2009-07-15,8.23,8.53,8.21,8.49,777400,0.0,0
2009-07-16,8.45,8.56,8.3,8.51,593300,0.0,0
2009-07-17,8.53,8.59,8.32,8.37,309000,0.0,0
2009-07-20,8.44,8.5,8.27,8.47,594700,0.0,0
2009-07-21,8.49,8.71,8.41,8.64,835300,0.0,0
2009-07-22,8.59,8.84,8.59,8.78,736600,0.0,0
2009-07-23,8.69,9.1,8.69,9.08,596300,0.0,0
2009-07-24,8.99,9.15,8.99,9.15,362900,0.0,0
2009-07-27,9.08,9.18,8.99,9.18,307800,0.0,0
2009-07-28,9.1,9.14,8.94,8.98,540900,0.0,0
2009-07-29,8.98,9.01,8.72,8.83,704300,0.125,0
2009-07-30,8.9,9.04,8.83,9.0,831000,0.0,0
2009-07-31,8.98,9.23,8.86,9.01,734700,0.0,0
2009-08-03,9.1,9.38,9.1,9.27,849200,0.0,0
2009-08-04,9.22,9.47,9.22,9.44,530000,0.0,0
2009-08-05,9.53,9.53,9.1,9.21,1234500,0.0,0
2009-08-06,9.26,9.27,9.02,9.07,726100,0.0,0
2009-08-07,9.19,9.29,9.09,9.19,1010800,0.0,0
2009-08-10,9.12,9.15,8.97,9.12,630900,0.0,0
2009-08-11,9.08,9.27,8.86,8.95,483900,0.0,0
2009-08-12,8.92,9.06,8.87,8.9,1092900,0.0,0
2009-08-13,8.96,8.99,8.86,8.97,436600,0.0,0
2009-08-14,8.98,9.02,8.73,8.95,572900,0.0,0
2009-08-17,8.87,8.94,8.76,8.76,525900,0.0,0
2009-08-18,8.77,9.04,8.73,8.97,490400,0.0,0
2009-08-19,8.87,9.05,8.82,9.01,367900,0.0,0
2009-08-20,8.98,9.06,8.93,8.98,422100,0.0,0
2009-08-21,9.1,9.11,8.95,9.04,978800,0.0,0
2009-08-24,9.01,9.02,8.91,8.95,777400,0.0,0
2009-08-25,9.07,9.07,8.94,8.96,488600,0.0,0
2009-08-26,8.97,9.02,8.84,8.95,382800,0.0,0
2009-08-27,8.91,8.99,8.81,8.92,355100,0.0,0
2009-08-28,8.95,8.98,8.73,8.79,422000,0.0,0
2009-08-31,8.71,8.76,8.54,8.62,736500,0.0,0
2009-09-01,8.62,8.81,8.52,8.62,770500,0.0,0
2009-09-02,8.57,8.74,8.46,8.62,945300,0.0,0
2009-09-03,8.64,8.64,8.5,8.56,498900,0.0,0
2009-09-04,8.53,8.67,8.5,8.62,433400,0.0,0
2009-09-08,8.7,9.01,8.62,8.95,2241300,0.0,0
2009-09-09,8.97,9.09,8.88,8.98,785400,0.0,0
2009-09-10,8.97,8.98,8.85,8.94,566400,0.0,0
2009-09-11,8.96,9.04,8.84,8.97,1688200,0.0,0
2009-09-14,8.98,9.06,8.93,9.01,879100,0.0,0
2009-09-15,9.03,9.19,8.93,9.15,680500,0.0,0
2009-09-16,9.08,9.32,9.04,9.32,445700,0.0,0
2009-09-17,9.32,9.37,9.23,9.28,376900,0.0,0
2009-09-18,9.29,9.3,9.12,9.26,843200,0.0,0
2009-09-21,9.16,9.18,9.01,9.06,599600,0.0,0
2009-09-22,9.14,9.47,9.01,9.43,1030400,0.0,0
2009-09-23,9.49,9.54,9.15,9.18,1303900,0.0,0
2009-09-24,9.22,9.27,8.97,8.98,937300,0.0,0
2009-09-25,8.98,8.98,8.75,8.81,1062300,0.0,0
2009-09-28,8.87,8.98,8.75,8.78,952200,0.0,0
2009-09-29,8.81,8.88,8.68,8.74,1259000,0.0,0
2009-09-30,8.81,8.81,8.51,8.62,1873100,0.0,0
2009-10-01,8.6,8.6,8.33,8.34,1872200,0.0,0
2009-10-02,8.3,8.41,8.19,8.24,944300,0.0,0
2009-10-05,8.23,8.73,8.2,8.7,2110300,0.0,0
2009-10-06,8.8,9.0,8.7,8.99,1282100,0.0,0
2009-10-07,8.95,9.12,8.94,9.01,903500,0.0,0
2009-10-08,9.08,9.14,8.98,9.1,883600,0.0,0
2009-10-09,9.1,9.24,9.04,9.08,1586200,0.0,0
2009-10-12,9.14,9.15,9.01,9.1,1023400,0.0,0
2009-10-13,9.08,9.17,8.98,9.08,578900,0.0,0
2009-10-14,9.18,9.26,8.81,9.04,1530900,0.0,0
2009-10-15,9.02,9.07,8.95,9.04,794700,0.0,0
2009-10-16,9.0,9.21,8.93,9.07,847400,0.0,0
2009-10-19,9.12,9.26,9.02,9.23,539700,0.0,0
2009-10-20,9.21,9.21,8.99,9.13,882200,0.0,0
2009-10-21,9.15,9.29,8.98,8.98,910400,0.0,0
2009-10-22,8.99,9.06,8.83,9.04,698500,0.0,0
2009-10-23,9.04,9.15,8.87,8.94,963500,0.0,0
2009-10-26,8.98,9.08,8.59,8.7,914900,0.0,0
2009-10-27,8.72,8.84,8.64,8.68,707500,0.0,0
2009-10-28,8.7,8.73,8.49,8.54,1120500,0.0,0
2009-10-29,9.12,9.12,7.2,8.31,2288200,0.0,0
2009-10-30,8.22,8.3,7.88,7.91,2226700,0.0,0
2009-11-02,7.96,8.07,7.77,7.98,1552700,0.125,0
2009-11-03,7.9,8.16,7.9,8.01,1590600,0.0,0
2009-11-04,8.04,8.37,8.0,8.07,1292700,0.0,0
2009-11-05,8.14,8.28,8.09,8.25,2119600,0.0,0
2009-11-06,8.25,8.35,8.19,8.28,1155100,0.0,0
2009-11-09,8.29,8.55,8.29,8.55,1230900,0.0,0
2009-11-10,8.51,8.72,8.49,8.62,957500,0.0,0
2009-11-11,8.67,8.8,8.54,8.6,596100,0.0,0
2009-11-12,8.59,8.6,8.28,8.36,1500500,0.0,0
2009-11-13,8.4,8.55,8.31,8.43,1221200,0.0,0
2009-11-16,8.5,8.69,8.47,8.51,864600,0.0,0
2009-11-17,8.43,8.53,8.36,8.48,777000,0.0,0
2009-11-18,8.5,8.5,8.29,8.32,1149500,0.0,0
2009-11-19,8.29,8.33,8.14,8.3,804600,0.0,0
2009-11-20,8.25,8.31,8.17,8.22,669600,0.0,0
2009-11-23,8.35,8.48,8.25,8.29,702600,0.0,0
2009-11-24,8.28,8.34,8.2,8.32,610200,0.0,0
2009-11-25,8.31,8.57,8.3,8.49,436000,0.0,0
2009-11-27,8.29,8.47,8.25,8.33,298700,0.0,0
2009-11-30,8.29,8.34,8.19,8.32,1028500,0.0,0
2009-12-01,8.39,8.57,8.38,8.54,696300,0.0,0
2009-12-02,8.55,8.7,8.46,8.47,852400,0.0,0
2009-12-03,8.49,8.68,8.47,8.59,857200,0.0,0
2009-12-04,8.63,8.77,8.55,8.69,1025300,0.0,0
2009-12-07,8.73,8.9,8.69,8.81,524900,0.0,0
2009-12-08,8.75,8.81,8.57,8.78,838000,0.0,0
2009-12-09,8.79,9.05,8.73,8.78,1308600,0.0,0
2009-12-10,8.82,9.01,8.79,8.85,692000,0.0,0
2009-12-11,8.87,9.15,8.81,9.13,1427500,0.0,0
2009-12-14,9.16,9.24,9.0,9.16,771800,0.0,0
2009-12-15,9.09,9.11,8.93,9.04,920000,0.0,0
2009-12-16,9.07,9.3,9.01,9.23,890100,0.0,0
2009-12-17,9.15,9.34,9.13,9.31,1017100,0.0,0
2009-12-18,9.38,9.49,9.31,9.47,1605800,0.0,0
2009-12-21,9.5,9.77,9.5,9.62,781000,0.0,0
2009-12-22,9.66,9.66,9.3,9.34,740900,0.0,0
2009-12-23,9.34,9.43,9.25,9.4,773800,0.0,0
2009-12-24,9.43,9.53,9.4,9.42,120100,0.0,0
2009-12-28,9.48,9.49,9.3,9.43,436100,0.0,0
2009-12-29,9.49,9.51,9.34,9.47,572500,0.0,0
2009-12-30,9.39,9.59,9.39,9.55,520100,0.0,0
2009-12-31,9.48,9.55,9.37,9.45,821800,0.0,0
2010-01-04,9.52,9.67,9.43,9.49,714500,0.0,0
2010-01-05,9.53,9.57,9.21,9.34,1086400,0.0,0
2010-01-06,9.36,9.47,9.31,9.37,688000,0.0,0
2010-01-07,9.34,9.43,9.28,9.35,350400,0.0,0
2010-01-08,9.35,9.4,9.29,9.39,350500,0.0,0
2010-01-11,9.4,9.46,9.28,9.36,497000,0.0,0
2010-01-12,9.33,9.33,9.17,9.25,965600,0.0,0
2010-01-13,9.25,9.41,9.22,9.39,318700,0.0,0
2010-01-14,9.32,9.45,9.32,9.37,606200,0.0,0
2010-01-15,9.38,9.46,9.1,9.43,1211000,0.0,0
2010-01-19,9.43,9.56,9.36,9.56,732600,0.0,0
2010-01-20,9.46,9.51,9.31,9.48,654200,0.0,0
2010-01-21,9.52,9.53,9.22,9.28,1336300,0.0,0
2010-01-22,9.2,9.28,8.9,8.93,1233400,0.0,0
2010-01-25,9.06,9.06,8.85,8.98,620300,0.125,0
2010-01-26,8.93,9.07,8.82,8.98,854900,0.0,0
2010-01-27,8.91,8.94,8.72,8.77,1923700,0.0,0
2010-01-28,8.76,8.85,8.59,8.76,871900,0.0,0
2010-01-29,8.76,8.91,8.69,8.78,912000,0.0,0
2010-02-01,8.82,8.94,8.7,8.92,591800,0.0,0
2010-02-02,8.91,9.01,8.8,8.97,482200,0.0,0
2010-02-03,8.96,9.05,8.88,8.93,426900,0.0,0
2010-02-04,8.9,8.92,8.68,8.7,658300,0.0,0
2010-02-05,8.67,8.7,8.41,8.59,679700,0.0,0
2010-02-08,8.57,8.63,8.51,8.54,2097800,0.0,0
2010-02-09,8.65,8.73,8.48,8.7,1654400,0.0,0
2010-02-10,8.66,8.71,8.59,8.61,609500,0.0,0
2010-02-11,8.62,8.79,8.51,8.79,672800,0.0,0
2010-02-12,8.72,8.85,8.71,8.82,555200,0.0,0
2010-02-16,8.92,9.16,8.88,9.11,582600,0.0,0
2010-02-17,9.16,9.19,9.06,9.18,581600,0.0,0
2010-02-18,9.19,9.46,9.11,9.44,823100,0.0,0
2010-02-19,9.45,9.62,9.44,9.5,741700,0.0,0
2010-02-22,9.5,9.57,9.44,9.5,550600,0.0,0
2010-02-23,9.52,9.62,9.32,9.39,995500,0.0,0
2010-02-24,9.37,9.38,9.1,9.22,1697400,0.0,0
2010-02-25,9.06,9.31,9.06,9.29,1413000,0.0,0
2010-02-26,9.34,9.37,9.18,9.22,853500,0.0,0
2010-03-01,9.22,9.4,9.22,9.36,579600,0.0,0
2010-03-02,9.38,9.48,9.38,9.41,645800,0.0,0
2010-03-03,9.46,9.53,9.42,9.5,502300,0.0,0
2010-03-04,9.48,9.54,9.43,9.51,416800,0.0,0
2010-03-05,9.56,9.86,9.53,9.81,1691900,0.0,0
2010-03-08,9.78,9.97,9.74,9.84,777000,0.0,0
2010-03-09,9.79,9.81,9.68,9.71,454300,0.0,0
2010-03-10,9.69,9.9,9.69,9.81,430400,0.0,0
2010-03-11,9.75,9.98,9.72,9.98,374600,0.0,0
2010-03-12,9.59,9.99,9.39,9.92,450400,0.0,0
2010-03-15,9.93,9.99,9.86,9.96,312100,0.0,0
2010-03-16,10.01,10.05,9.99,10.04,480100,0.0,0
2010-03-17,10.07,10.11,9.95,9.98,513800,0.0,0
2010-03-18,10.0,10.08,9.88,9.93,387300,0.0,0
2010-03-19,9.81,10.04,9.74,9.81,715600,0.0,0
2010-03-22,9.78,9.85,9.66,9.8,778300,0.0,0
2010-03-23,9.78,9.81,9.72,9.78,727200,0.0,0
2010-03-24,9.75,9.79,9.71,9.71,562500,0.0,0
2010-03-25,9.78,9.78,9.42,9.43,754700,0.0,0
2010-03-26,9.44,9.47,9.35,9.37,1701200,0.0,0
2010-03-29,9.38,9.57,9.38,9.51,571000,0.0,0
2010-03-30,9.53,9.65,9.5,9.56,557400,0.0,0
2010-03-31,9.61,9.65,9.48,9.55,728300,0.125,0
2010-04-01,9.57,9.71,9.5,9.54,502600,0.0,0
2010-04-05,9.61,9.71,9.51,9.71,305700,0.0,0
2010-04-06,9.64,9.87,9.61,9.84,585800,0.0,0
2010-04-07,9.8,9.85,9.72,9.77,371100,0.0,0
2010-04-08,9.7,9.8,9.59,9.69,346400,0.0,0
2010-04-09,9.69,9.74,9.51,9.74,464900,0.0,0
2010-04-12,9.71,9.78,9.67,9.73,372700,0.0,0
2010-04-13,9.74,9.74,9.58,9.64,443900,0.0,0
2010-04-14,9.65,9.77,9.56,9.77,360800,0.0,0
2010-04-15,9.72,9.85,9.65,9.84,357100,0.0,0
2010-04-16,9.84,9.94,9.73,9.74,529000,0.0,0
2010-04-19,9.67,9.84,9.64,9.74,297400,0.0,0
2010-04-20,9.82,10.0,9.76,9.99,310900,0.0,0
2010-04-21,10.03,10.12,9.99,10.11,374600,0.0,0
2010-04-22,10.03,10.12,9.92,10.12,407200,0.0,0
2010-04-23,10.11,10.29,10.03,10.28,456300,0.0,0
2010-04-26,10.24,10.34,10.19,10.22,345200,0.0,0
2010-04-27,10.21,10.31,10.03,10.03,849900,0.0,0
2010-04-28,10.12,10.27,10.03,10.17,332200,0.0,0
2010-04-29,10.28,10.41,10.18,10.35,383300,0.0,0
2010-04-30,10.33,10.56,10.25,10.36,682400,0.0,0
2010-05-03,10.43,10.64,10.32,10.62,338700,0.0,0
2010-05-04,10.47,10.5,10.16,10.25,587400,0.0,0
2010-05-05,10.15,10.25,9.91,9.96,602600,0.0,0
2010-05-06,9.93,9.97,8.94,9.57,1307700,0.0,0
2010-05-07,9.48,9.69,8.98,9.26,944100,0.0,0
2010-05-10,9.7,9.97,9.29,9.77,606500,0.0,0
2010-05-11,9.67,10.18,9.67,10.02,573300,0.0,0
2010-05-12,10.07,10.13,9.9,10.1,577700,0.0,0
2010-05-13,10.11,10.22,10.05,10.09,545100,0.0,0
2010-05-14,10.04,10.12,9.92,9.98,727600,0.0,0
2010-05-17,10.04,10.13,9.73,9.96,430600,0.0,0
2010-05-18,10.03,10.03,9.66,9.69,474100,0.0,0
2010-05-19,9.63,9.7,9.32,9.58,745800,0.0,0
2010-05-20,9.34,9.42,9.15,9.21,935400,0.0,0
2010-05-21,9.07,9.37,9.06,9.36,1013200,0.0,0
2010-05-24,9.32,9.4,9.2,9.25,534400,0.0,0
2010-05-25,9.05,9.22,8.95,9.19,821500,0.0,0
2010-05-26,9.24,9.31,9.13,9.22,794000,0.0,0
2010-05-27,9.41,9.54,9.32,9.53,393900,0.0,0
2010-05-28,9.48,9.53,9.32,9.41,533400,0.0,0
2010-06-01,9.36,9.45,9.18,9.18,768200,0.0,0
2010-06-02,9.22,9.35,9.15,9.35,586600,0.0,0
2010-06-03,9.32,9.45,9.3,9.4,568400,0.0,0
2010-06-04,9.23,9.29,9.17,9.18,1231900,0.0,0
2010-06-07,9.22,9.29,9.15,9.19,1053000,0.0,0
2010-06-08,9.22,9.22,9.1,9.14,1465000,0.0,0
2010-06-09,9.23,9.26,8.77,8.84,3409500,0.0,0
2010-06-10,8.67,8.93,8.67,8.9,1335100,0.0,0
2010-06-11,8.76,8.95,8.75,8.95,604400,0.0,0
2010-06-14,8.99,9.05,8.88,8.97,870700,0.0,0
2010-06-15,9.0,9.16,8.96,9.16,839100,0.0,0
2010-06-16,9.13,9.2,9.01,9.16,1005800,0.0,0
2010-06-17,9.15,9.2,9.01,9.18,525900,0.0,0
2010-06-18,9.23,9.29,9.13,9.29,759000,0.0,0
2010-06-21,9.38,9.42,9.13,9.19,528300,0.0,0
2010-06-22,9.19,9.25,8.9,8.9,517900,0.0,0
2010-06-23,8.87,8.91,8.77,8.81,729100,0.0,0
2010-06-24,8.74,8.86,8.71,8.74,648300,0.0,0
2010-06-25,8.77,8.9,8.67,8.81,788100,0.0,0
2010-06-28,8.85,8.92,8.74,8.89,334800,0.0,0
2010-06-29,8.74,8.77,8.59,8.64,850700,0.0,0
2010-06-30,8.65,8.71,8.49,8.52,760700,0.0,0
2010-07-01,8.55,8.55,8.24,8.42,769900,0.0,0
2010-07-02,8.46,8.49,8.29,8.34,414100,0.0,0
2010-07-06,8.43,8.6,8.27,8.34,808700,0.0,0
2010-07-07,8.39,8.65,8.35,8.64,623400,0.0,0
2010-07-08,8.71,8.81,8.65,8.76,513900,0.0,0
2010-07-09,8.77,9.1,8.72,9.06,629300,0.0,0
2010-07-12,9.03,9.19,9.01,9.1,527700,0.0,0
2010-07-13,9.17,9.3,9.16,9.27,609100,0.0,0
2010-07-14,9.2,9.25,9.06,9.12,403900,0.0,0
2010-07-15,9.1,9.16,8.83,8.99,921300,0.0,0
2010-07-16,8.92,9.0,8.68,8.76,859300,0.0,0
2010-07-19,8.77,8.94,8.71,8.9,504400,0.0,0
2010-07-20,8.81,9.05,8.74,9.05,393800,0.0,0
2010-07-21,9.13,9.13,8.91,8.93,545200,0.0,0
2010-07-22,9.06,9.37,9.06,9.3,767100,0.0,0
2010-07-23,9.28,9.62,9.22,9.61,806400,0.0,0
2010-07-26,9.6,9.67,9.55,9.63,653900,0.0,0
2010-07-27,9.67,9.83,9.67,9.76,651300,0.0,0
2010-07-28,9.43,9.54,9.18,9.23,1121800,0.0,0
2010-07-29,9.37,9.37,9.03,9.17,638000,0.125,0
2010-07-30,9.07,9.21,9.04,9.11,529100,0.0,0
2010-08-02,9.27,9.34,9.17,9.21,421600,0.0,0
2010-08-03,9.17,9.24,9.04,9.04,454000,0.0,0
2010-08-04,9.05,9.24,9.04,9.24,393300,0.0,0
2010-08-05,9.14,9.43,9.14,9.37,1624400,0.0,0
2010-08-06,9.24,9.31,8.86,9.01,1039100,0.0,0
2010-08-09,9.1,9.17,9.03,9.11,843300,0.0,0
2010-08-10,9.07,9.14,8.92,9.04,828400,0.0,0
2010-08-11,8.9,8.92,8.77,8.84,994000,0.0,0
2010-08-12,8.69,8.84,8.64,8.77,727800,0.0,0
2010-08-13,8.73,8.87,8.73,8.83,626400,0.0,0
2010-08-16,8.79,8.93,8.69,8.86,591000,0.0,0
2010-08-17,8.97,9.07,8.91,8.99,621600,0.0,0
2010-08-18,9.0,9.1,8.89,8.99,756000,0.0,0
2010-08-19,8.94,8.97,8.7,8.78,780700,0.0,0
2010-08-20,8.7,8.88,8.7,8.86,667000,0.0,0
2010-08-23,8.89,8.97,8.77,8.78,595900,0.0,0
2010-08-24,8.72,8.86,8.64,8.75,635500,0.0,0
2010-08-25,8.68,8.84,8.64,8.81,411300,0.0,0
2010-08-26,8.82,8.97,8.68,8.68,596600,0.0,0
2010-08-27,8.78,8.97,8.64,8.93,550000,0.0,0
2010-08-30,8.91,8.97,8.71,8.71,443500,0.0,0
2010-08-31,8.67,8.88,8.61,8.81,477200,0.0,0
2010-09-01,8.94,9.11,8.84,9.09,674600,0.0,0
2010-09-02,9.09,9.11,8.94,9.08,613000,0.0,0
2010-09-03,9.17,9.23,8.97,9.02,890600,0.0,0
2010-09-07,8.97,9.01,8.86,8.87,769100,0.0,0
2010-09-08,8.87,8.9,8.73,8.74,351300,0.0,0
2010-09-09,8.82,8.85,8.68,8.74,327900,0.0,0
2010-09-10,8.78,8.8,8.67,8.79,540400,0.0,0
2010-09-13,8.86,8.94,8.82,8.94,723900,0.0,0
2010-09-14,8.92,8.93,8.84,8.85,425000,0.0,0
2010-09-15,8.84,8.86,8.69,8.75,398200,0.0,0
2010-09-16,8.75,8.78,8.57,8.58,830100,0.0,0
2010-09-17,8.66,8.67,8.48,8.6,786800,0.0,0
2010-09-20,8.56,8.72,8.53,8.69,712600,0.0,0
2010-09-21,8.66,8.7,8.58,8.58,707700,0.0,0
2010-09-22,8.57,8.69,8.53,8.57,625200,0.0,0
2010-09-23,8.53,8.65,8.5,8.56,1225200,0.0,0
2010-09-24,8.68,8.77,8.64,8.77,655200,0.0,0
2010-09-27,8.77,8.84,8.68,8.79,306100,0.0,0
2010-09-28,8.56,8.85,8.51,8.85,718200,0.0,0
2010-09-29,8.8,8.84,8.7,8.8,399300,0.0,0
2010-09-30,8.87,8.92,8.74,8.77,763000,0.0,0
2010-10-01,8.86,8.89,8.76,8.86,599200,0.0,0
2010-10-04,8.81,8.92,8.77,8.8,625200,0.0,0
2010-10-05,8.9,8.9,8.77,8.85,915600,0.0,0
2010-10-06,8.8,8.87,8.76,8.79,462600,0.0,0
2010-10-07,8.85,8.88,8.78,8.86,635400,0.0,0
2010-10-08,8.84,8.9,8.8,8.86,915000,0.0,0
2010-10-11,8.85,8.94,8.82,8.87,582500,0.0,0
2010-10-12,8.86,8.9,8.8,8.88,416400,0.0,0
2010-10-13,8.91,9.01,8.86,8.97,673200,0.0,0
2010-10-14,8.99,9.08,8.96,9.04,324900,0.0,0
2010-10-15,9.11,9.27,9.07,9.16,1117900,0.0,0
2010-10-18,9.21,9.27,9.14,9.23,493900,0.0,0
2010-10-19,9.13,9.42,9.13,9.27,719200,0.0,0
2010-10-20,9.33,9.5,9.28,9.34,857400,0.0,0
2010-10-21,9.41,9.5,9.2,9.22,796600,0.0,0
2010-10-22,9.24,9.26,9.09,9.11,362500,0.0,0
2010-10-25,9.17,9.24,9.15,9.19,412100,0.0,0
2010-10-26,9.15,9.17,9.07,9.13,442200,0.0,0
2010-10-27,9.1,9.1,8.91,8.91,1130600,0.125,0
2010-10-28,9.05,9.15,8.97,9.06,1317000,0.0,0
2010-10-29,9.23,9.42,9.07,9.18,915800,0.0,0
2010-11-01,9.27,9.62,9.26,9.45,1075800,0.0,0
2010-11-02,9.54,9.92,9.5,9.79,1280400,0.0,0
2010-11-03,9.82,9.87,9.68,9.79,746900,0.0,0
2010-11-04,9.87,10.02,9.85,10.01,833600,0.0,0
2010-11-05,10.03,10.11,9.96,10.1,836900,0.0,0
2010-11-08,10.07,10.28,10.07,10.16,880200,0.0,0
2010-11-09,10.18,10.42,10.09,10.14,1272600,0.0,0
2010-11-10,10.14,10.18,10.03,10.13,1137300,0.0,0
2010-11-11,10.02,10.12,10.0,10.07,1171700,0.0,0
2010-11-12,9.97,10.07,9.87,9.88,899500,0.0,0
2010-11-15,9.88,10.07,9.86,9.98,422200,0.0,0
2010-11-16,9.86,9.91,9.58,9.64,661300,0.0,0
2010-11-17,9.68,9.77,9.54,9.58,884700,0.0,0
2010-11-18,9.7,9.76,9.53,9.59,1021400,0.0,0
2010-11-19,9.6,9.6,9.51,9.58,553600,0.0,0
2010-11-22,9.57,9.61,9.51,9.59,476900,0.0,0
2010-11-23,9.5,9.5,9.3,9.41,1004900,0.0,0
2010-11-24,9.44,9.57,9.38,9.54,665400,0.0,0
2010-11-26,9.44,9.58,9.42,9.44,246000,0.0,0
2010-11-29,9.37,9.4,9.19,9.4,566600,0.0,0
2010-11-30,9.3,9.37,9.25,9.33,886600,0.0,0
2010-12-01,9.49,9.56,9.4,9.47,686300,0.0,0
2010-12-02,9.44,9.47,9.32,9.41,581000,0.0,0
2010-12-03,9.34,9.49,9.27,9.46,465200,0.0,0
2010-12-06,9.41,9.45,9.29,9.38,526000,0.0,0
2010-12-07,9.44,9.57,9.4,9.48,815800,0.0,0
2010-12-08,9.51,9.58,9.46,9.53,706300,0.0,0
2010-12-09,9.6,9.61,9.44,9.56,400800,0.0,0
2010-12-10,9.57,9.72,9.54,9.69,357800,0.0,0
2010-12-13,9.73,9.9,9.72,9.81,573800,0.0,0
2010-12-14,9.86,9.88,9.76,9.78,478000,0.0,0
2010-12-15,9.79,9.85,9.7,9.7,466200,0.0,0
2010-12-16,9.69,9.93,9.66,9.91,431100,0.0,0
2010-12-17,9.9,10.04,9.79,10.03,945900,0.0,0
2010-12-20,10.07,10.11,10.01,10.08,376400,0.0,0
2010-12-21,10.11,10.22,10.02,10.21,584200,0.0,0
2010-12-22,10.19,10.29,10.13,10.18,477100,0.0,0
2010-12-23,10.18,10.45,10.12,10.37,976500,0.0,0
2010-12-27,10.35,10.45,10.28,10.36,437600,0.0,0
2010-12-28,10.34,10.38,10.24,10.31,315500,0.0,0
2010-12-29,10.31,10.37,10.21,10.28,244000,0.0,0
2010-12-30,10.32,10.4,10.22,10.28,313600,0.0,0
2010-12-31,10.29,10.32,10.13,10.14,394700,0.0,0
2011-01-03,10.23,10.33,10.13,10.3,694200,0.0,0
2011-01-04,10.38,10.43,10.28,10.42,586900,0.0,0
2011-01-05,10.38,10.39,10.23,10.31,392300,0.0,0
2011-01-06,10.33,10.33,10.19,10.27,311800,0.0,0
2011-01-07,10.32,10.37,10.14,10.28,412200,0.0,0
2011-01-10,10.28,10.46,10.15,10.39,564800,0.0,0
2011-01-11,10.44,10.54,10.38,10.46,529200,0.0,0
2011-01-12,10.55,10.55,10.39,10.52,361800,0.0,0
2011-01-13,10.49,10.54,10.45,10.54,279400,0.0,0
2011-01-14,10.54,10.6,10.47,10.6,445600,0.0,0
2011-01-18,10.6,10.63,10.5,10.63,603200,0.0,0
2011-01-19,10.59,10.69,10.46,10.5,523400,0.0,0
2011-01-20,10.46,10.6,10.39,10.42,644800,0.0,0
2011-01-21,10.51,10.51,10.29,10.35,494500,0.0,0
2011-01-24,10.41,10.59,10.33,10.54,589400,0.125,0
2011-01-25,10.49,10.53,10.37,10.48,358900,0.0,0
2011-01-26,10.54,10.63,10.45,10.53,442800,0.0,0
2011-01-27,10.54,10.57,10.48,10.52,312000,0.0,0
2011-01-28,10.5,10.52,10.26,10.26,471600,0.0,0
2011-01-31,10.33,10.33,10.19,10.24,338300,0.0,0
2011-02-01,10.3,10.45,10.25,10.44,366200,0.0,0
2011-02-02,10.44,10.51,10.36,10.39,321700,0.0,0
2011-02-03,10.37,10.57,10.31,10.49,659900,0.0,0
2011-02-04,10.85,10.85,10.62,10.69,1314700,0.0,0
2011-02-07,10.68,10.82,10.67,10.78,533800,0.0,0
2011-02-08,10.76,10.81,10.56,10.66,471500,0.0,0
2011-02-09,10.6,10.64,10.47,10.5,399400,0.0,0
2011-02-10,10.42,10.57,10.42,10.51,283200,0.0,0
2011-02-11,10.48,10.55,10.44,10.48,410600,0.0,0
2011-02-14,10.45,10.45,10.36,10.4,391500,0.0,0
2011-02-15,10.39,10.6,10.39,10.53,492800,0.0,0
2011-02-16,10.55,10.59,10.45,10.46,368500,0.0,0
2011-02-17,10.48,10.61,10.48,10.55,375900,0.0,0
2011-02-18,10.55,10.62,10.5,10.61,384700,0.0,0
2011-02-22,10.5,10.59,10.39,10.41,458700,0.0,0
2011-02-23,10.44,10.44,10.24,10.27,477000,0.0,0
2011-02-24,10.26,10.33,10.19,10.2,728400,0.0,0
2011-02-25,10.22,10.51,10.19,10.51,852300,0.0,0
2011-02-28,10.58,10.65,10.42,10.46,628700,0.0,0
2011-03-01,10.59,11.58,10.53,11.44,4454100,0.0,0
2011-03-02,11.55,11.69,11.33,11.42,1418500,0.0,0
2011-03-03,11.55,11.62,11.51,11.55,1387400,0.0,0
2011-03-04,11.62,11.68,11.47,11.51,1108000,0.0,0
2011-03-07,11.6,11.67,11.36,11.44,763300,0.0,0
2011-03-08,11.49,11.61,11.45,11.53,877800,0.0,0
2011-03-09,11.55,11.77,11.47,11.62,863200,0.0,0
2011-03-10,11.52,11.53,11.34,11.36,721600,0.0,0
2011-03-11,11.39,11.61,11.33,11.53,796200,0.0,0
2011-03-14,11.45,11.51,11.31,11.43,435100,0.0,0
2011-03-15,11.22,11.31,11.12,11.22,567400,0.0,0
2011-03-16,11.18,11.28,10.99,11.06,684300,0.0,0
2011-03-17,11.22,11.25,11.07,11.1,516500,0.0,0
2011-03-18,11.2,11.34,11.14,11.29,972300,0.0,0
2011-03-21,11.36,11.51,11.36,11.47,555500,0.0,0
2011-03-22,11.47,11.51,11.4,11.4,399800,0.0,0
2011-03-23,11.4,11.45,11.31,11.38,749000,0.0,0
2011-03-24,11.44,11.55,11.4,11.47,623200,0.0,0
2011-03-25,11.53,11.74,11.5,11.67,542800,0.0,0
2011-03-28,11.69,11.73,11.5,11.5,483300,0.0,0
2011-03-29,11.47,11.69,11.44,11.69,582800,0.0,0
2011-03-30,11.68,11.91,11.68,11.83,1122500,0.0,0
2011-03-31,11.83,11.88,11.73,11.73,627500,0.0,0
2011-04-01,11.74,11.86,11.63,11.74,1292800,0.125,0
2011-04-04,11.74,11.74,11.59,11.63,789800,0.0,0
2011-04-05,11.6,11.72,11.53,11.68,418100,0.0,0
2011-04-06,11.75,11.94,11.75,11.84,677000,0.0,0
2011-04-07,11.86,11.94,11.78,11.79,846700,0.0,0
2011-04-08,11.87,12.01,11.82,11.92,593400,0.0,0
2011-04-11,11.91,11.94,11.63,11.73,603800,0.0,0
2011-04-12,11.7,11.78,11.47,11.48,501200,0.0,0
2011-04-13,11.52,11.61,11.48,11.55,379100,0.0,0
2011-04-14,11.48,11.6,11.46,11.6,505300,0.0,0
2011-04-15,11.56,11.74,11.54,11.74,437400,0.0,0
2011-04-18,11.61,11.67,11.47,11.53,732900,0.0,0
2011-04-19,11.58,11.6,11.48,11.56,485300,0.0,0
2011-04-20,11.72,11.8,11.67,11.71,652500,0.0,0
2011-04-21,11.76,11.79,11.59,11.7,506000,0.0,0
2011-04-25,11.63,11.7,11.6,11.62,399800,0.0,0
2011-04-26,11.65,11.84,11.61,11.8,490300,0.0,0
2011-04-27,11.79,11.88,11.76,11.86,390700,0.0,0
2011-04-28,11.97,12.22,11.87,12.19,619500,0.0,0
2011-04-29,12.19,12.21,12.09,12.15,396000,0.0,0
2011-05-02,12.13,12.2,12.1,12.16,565700,0.0,0
2011-05-03,12.17,12.47,12.1,12.32,735300,0.0,0
2011-05-04,12.32,12.34,12.13,12.18,709100,0.0,0
2011-05-05,12.12,12.21,11.95,12.09,574600,0.0,0
2011-05-06,12.15,12.44,11.89,12.08,495800,0.0,0
2011-05-09,12.02,12.28,11.96,12.28,447200,0.0,0
2011-05-10,12.31,12.55,12.28,12.51,670300,0.0,0
2011-05-11,12.47,12.47,12.25,12.32,589600,0.0,0
2011-05-12,12.31,12.58,12.29,12.56,658000,0.0,0
2011-05-13,12.61,12.67,12.44,12.63,802600,0.0,0
2011-05-16,12.58,12.63,12.47,12.48,618300,0.0,0
2011-05-17,12.41,12.62,12.41,12.57,637800,0.0,0
2011-05-18,12.63,12.63,12.48,12.61,420900,0.0,0
2011-05-19,12.68,12.75,12.63,12.71,580400,0.0,0
2011-05-20,12.7,12.7,12.55,12.57,657400,0.0,0
2011-05-23,12.44,12.64,12.36,12.49,614100,0.0,0
2011-05-24,12.55,12.61,12.43,12.43,682300,0.0,0
2011-05-25,12.43,12.68,12.29,12.57,640400,0.0,0
2011-05-26,12.56,12.86,12.5,12.79,1201000,0.0,0
2011-05-27,12.86,13.0,12.82,12.98,609700,0.0,0
2011-05-31,13.08,13.13,13.01,13.1,1158900,0.0,0
2011-06-01,13.04,13.08,12.74,12.79,815400,0.0,0
2011-06-02,12.79,12.81,12.67,12.74,591700,0.0,0
2011-06-03,12.55,12.72,12.51,12.59,636800,0.0,0
2011-06-06,12.58,12.65,12.43,12.46,737800,0.0,0
2011-06-07,12.54,12.63,12.44,12.52,586400,0.0,0
2011-06-08,12.51,12.67,12.49,12.5,845200,0.0,0
2011-06-09,12.54,12.64,12.45,12.55,479100,0.0,0
2011-06-10,12.45,12.56,12.41,12.49,736300,0.0,0
2011-06-13,12.55,12.55,12.47,12.51,591600,0.0,0
2011-06-14,12.64,12.88,12.61,12.8,852700,0.0,0
2011-06-15,12.72,12.82,12.61,12.81,867800,0.0,0
2011-06-16,12.84,13.04,12.82,12.99,1042100,0.0,0
2011-06-17,13.09,13.28,13.06,13.11,1166300,0.0,0
2011-06-20,13.08,13.38,13.06,13.3,825000,0.0,0
2011-06-21,13.4,13.55,13.34,13.38,1414100,0.0,0
2011-06-22,13.29,13.29,12.77,12.81,1787400,0.0,0
2011-06-23,12.71,12.84,12.62,12.83,1568700,0.0,0
2011-06-24,12.83,13.08,12.83,12.95,1311700,0.0,0
2011-06-27,12.96,13.23,12.93,13.11,967800,0.0,0
2011-06-28,13.16,13.36,13.12,13.18,885900,0.0,0
2011-06-29,13.25,13.46,13.13,13.16,847400,0.0,0
2011-06-30,13.16,13.3,13.11,13.27,736400,0.0,0
2011-07-01,13.31,13.46,13.24,13.43,819700,0.0,0
2011-07-05,13.43,13.47,13.27,13.33,906600,0.0,0
2011-07-06,13.27,13.48,13.27,13.44,786900,0.0,0
2011-07-07,13.54,13.58,13.43,13.52,890600,0.0,0
2011-07-08,13.43,13.51,13.39,13.47,1038600,0.0,0
2011-07-11,13.36,13.43,13.29,13.32,793300,0.0,0
2011-07-12,13.29,13.43,13.28,13.35,927700,0.0,0
2011-07-13,13.35,13.5,13.32,13.36,673600,0.0,0
2011-07-14,13.35,13.39,13.16,13.19,679600,0.0,0
2011-07-15,13.19,13.29,13.14,13.28,776600,0.0,0
2011-07-18,13.22,13.24,12.95,13.08,1043300,0.0,0
2011-07-19,13.16,13.32,13.05,13.31,855400,0.0,0
2011-07-20,13.31,13.35,13.25,13.3,353100,0.0,0
2011-07-21,13.36,13.45,13.21,13.26,1397300,0.0,0
2011-07-22,13.28,13.3,13.16,13.22,532100,0.0,0
2011-07-25,13.09,13.28,13.08,13.19,549100,0.0,0
2011-07-26,13.17,13.2,12.91,12.92,935000,0.0,0
2011-07-27,12.86,12.95,12.86,12.87,744000,0.0,0
2011-07-28,12.9,13.15,12.16,12.25,3040200,0.125,0
2011-07-29,12.13,12.27,11.96,12.0,1137100,0.0,0
2011-08-01,12.11,12.14,11.87,11.93,1001500,0.0,0
2011-08-02,11.88,12.0,11.69,11.69,917900,0.0,0
2011-08-03,11.7,11.85,11.51,11.76,844600,0.0,0
2011-08-04,11.64,11.76,11.17,11.17,1193000,0.0,0
2011-08-05,10.98,11.95,10.93,11.5,1859500,0.0,0
2011-08-08,11.12,11.49,10.55,10.55,1764400,0.0,0
2011-08-09,10.8,11.05,10.18,11.03,1746700,0.0,0
2011-08-10,10.81,11.15,10.73,10.77,1171300,0.0,0
2011-08-11,10.79,11.47,10.71,11.33,1335600,0.0,0
2011-08-12,11.42,11.47,11.13,11.25,832100,0.0,0
2011-08-15,11.51,12.04,11.4,11.98,1341700,0.0,0
2011-08-16,11.82,11.94,11.67,11.86,1139600,0.0,0
2011-08-17,11.89,12.1,11.85,11.96,794300,0.0,0
2011-08-18,11.69,11.8,11.42,11.53,955000,0.0,0
2011-08-19,11.39,11.6,11.39,11.46,909900,0.0,0
2011-08-22,11.71,11.74,11.22,11.31,898700,0.0,0
2011-08-23,11.36,11.53,11.21,11.53,1262900,0.0,0
2011-08-24,11.51,11.95,11.51,11.9,485300,0.0,0
2011-08-25,11.96,11.96,11.49,11.62,681500,0.0,0
2011-08-26,11.54,11.76,11.32,11.69,487000,0.0,0
2011-08-29,11.85,12.14,11.8,12.13,730200,0.0,0
2011-08-30,12.08,12.13,11.91,11.98,665600,0.0,0
2011-08-31,12.07,12.11,11.86,11.95,621500,0.0,0
2011-09-01,11.94,12.06,11.88,11.92,989600,0.0,0
2011-09-02,11.74,11.91,11.63,11.66,713900,0.0,0
2011-09-06,11.37,11.66,11.25,11.64,635800,0.0,0
2011-09-07,11.79,11.91,11.64,11.89,797800,0.0,0
2011-09-08,11.79,11.99,11.66,11.76,623800,0.0,0
2011-09-09,11.62,11.65,11.15,11.28,1025900,0.0,0
2011-09-12,11.12,11.45,11.07,11.44,511700,0.0,0
2011-09-13,11.49,11.62,11.38,11.59,544100,0.0,0
2011-09-14,11.66,11.89,11.49,11.75,517100,0.0,0
2011-09-15,11.84,11.91,11.71,11.91,442400,0.0,0
2011-09-16,11.9,12.05,11.77,11.85,1051200,0.0,0
2011-09-19,11.65,11.94,11.57,11.86,667000,0.0,0
2011-09-20,11.92,12.17,11.87,11.88,734300,0.0,0
2011-09-21,11.9,11.93,11.38,11.39,830200,0.0,0
2011-09-22,11.01,11.14,10.69,10.95,1530100,0.0,0
2011-09-23,12.0,13.12,12.0,12.8,5424300,0.0,0
2011-09-26,13.13,13.52,13.03,13.26,2001100,0.0,0
2011-09-27,13.38,13.5,13.26,13.34,1709600,0.0,0
2011-09-28,13.32,13.43,13.08,13.11,1509000,0.0,0
2011-09-29,13.39,13.51,13.07,13.35,1152700,0.0,0
2011-09-30,13.19,13.51,13.08,13.12,1723700,0.0,0
2011-10-03,13.03,13.36,12.84,12.84,1606700,0.0,0
2011-10-04,12.78,13.24,12.63,13.23,1500000,0.0,0
2011-10-05,13.29,13.31,12.99,13.23,984400,0.0,0
2011-10-06,13.15,13.32,13.01,13.25,1713100,0.0,0
2011-10-07,13.3,13.43,13.15,13.22,1338200,0.0,0
2011-10-10,13.43,13.71,13.37,13.7,936600,0.0,0
2011-10-11,13.64,13.67,13.47,13.5,752800,0.0,0
2011-10-12,13.63,13.68,13.54,13.61,1236700,0.0,0
2011-10-13,13.5,13.64,13.43,13.63,949600,0.0,0
2011-10-14,13.79,13.92,13.69,13.87,677000,0.0,0
2011-10-17,13.78,13.89,13.68,13.79,747900,0.0,0
2011-10-18,13.84,14.12,13.76,14.03,1083400,0.0,0
2011-10-19,14.05,14.38,13.97,14.06,812900,0.0,0
2011-10-20,14.07,14.3,13.99,14.21,752400,0.0,0
2011-10-21,14.42,14.49,14.26,14.38,1023200,0.0,0
2011-10-24,14.37,14.44,14.22,14.42,608000,0.0,0
2011-10-25,14.29,14.45,14.22,14.23,660700,0.0,0
2011-10-26,14.44,14.46,14.08,14.31,548800,0.0,0
2011-10-27,14.67,14.94,14.59,14.86,1196000,0.0,0
2011-10-28,14.77,14.8,14.59,14.67,1054900,0.125,0
2011-10-31,14.55,14.72,14.45,14.46,996500,0.0,0
2011-11-01,13.97,14.3,13.75,14.05,1235700,0.0,0
2011-11-02,14.28,14.49,14.28,14.46,1159800,0.0,0
2011-11-03,14.52,15.04,14.47,14.84,1176300,0.0,0
2011-11-04,14.82,15.0,14.73,14.93,932800,0.0,0
2011-11-07,14.97,15.06,14.79,14.99,791400,0.0,0
2011-11-08,15.02,15.16,14.84,15.14,821200,0.0,0
2011-11-09,14.81,14.91,14.57,14.62,1070700,0.0,0
2011-11-10,14.84,14.92,14.67,14.75,917700,0.0,0
2011-11-11,14.96,15.0,14.82,14.9,972100,0.0,0
2011-11-14,14.79,14.87,14.62,14.76,617300,0.0,0
2011-11-15,14.72,15.03,14.65,14.95,772100,0.0,0
2011-11-16,14.81,15.0,14.71,14.76,806900,0.0,0
2011-11-17,14.75,15.04,14.64,14.76,746400,0.0,0
2011-11-18,14.8,14.96,14.77,14.93,691200,0.0,0
2011-11-21,14.73,14.8,14.5,14.63,516700,0.0,0
2011-11-22,14.56,14.69,14.47,14.59,586400,0.0,0
2011-11-23,14.47,14.53,14.27,14.44,766400,0.0,0
2011-11-25,14.39,14.47,14.27,14.39,576000,0.0,0
2011-11-28,14.73,14.8,14.44,14.6,1047500,0.0,0
2011-11-29,14.64,14.81,14.55,14.7,1090200,0.0,0
2011-11-30,15.1,15.41,15.03,15.37,1920600,0.0,0
2011-12-01,14.95,15.27,14.94,15.0,1212200,0.0,0
2011-12-02,15.13,15.28,14.99,15.02,725800,0.0,0
2011-12-05,15.25,15.35,14.98,15.07,789400,0.0,0
2011-12-06,15.04,15.16,14.99,15.04,865900,0.0,0
2011-12-07,14.9,15.17,14.81,15.05,591700,0.0,0
2011-12-08,14.97,15.03,14.76,14.81,1106300,0.0,0
2011-12-09,14.81,14.81,14.18,14.43,2085000,0.0,0
2011-12-12,13.97,14.39,13.91,14.17,1571600,0.0,0
2011-12-13,14.22,14.32,13.9,13.97,1168200,0.0,0
2011-12-14,13.93,13.98,13.81,13.89,1039500,0.0,0
2011-12-15,14.02,14.18,13.89,13.94,870400,0.0,0
2011-12-16,14.04,14.16,13.84,13.87,1694200,0.0,0
2011-12-19,13.99,14.21,13.66,13.7,716900,0.0,0
2011-12-20,13.94,14.25,13.94,14.22,663300,0.0,0
2011-12-21,14.24,14.43,14.1,14.34,511600,0.0,0
2011-12-22,14.39,14.49,14.27,14.35,565400,0.0,0
2011-12-23,14.42,14.6,14.41,14.59,327700,0.0,0
2011-12-27,14.5,14.79,14.49,14.73,295600,0.0,0
2011-12-28,14.72,14.73,14.55,14.61,514300,0.0,0
2011-12-29,14.64,14.8,14.61,14.79,373600,0.0,0
2011-12-30,14.75,14.85,14.66,14.66,393100,0.0,0
2012-01-03,14.84,14.9,14.19,14.24,889200,0.0,0
2012-01-04,14.23,14.31,14.15,14.2,736000,0.0,0
2012-01-05,14.16,14.5,14.04,14.48,612900,0.0,0
2012-01-06,14.47,14.49,14.26,14.4,553600,0.0,0
2012-01-09,14.48,14.56,14.35,14.54,414400,0.0,0
2012-01-10,14.7,14.84,14.56,14.59,665400,0.0,0
2012-01-11,14.55,14.6,14.46,14.55,694700,0.0,0
2012-01-12,14.53,14.63,14.36,14.38,379200,0.0,0
2012-01-13,14.26,14.36,14.2,14.25,218900,0.0,0
2012-01-17,14.35,14.47,14.17,14.22,816600,0.0,0
2012-01-18,14.14,14.25,14.07,14.22,986300,0.0,0
2012-01-19,14.22,14.25,14.05,14.09,720200,0.0,0
2012-01-20,14.1,14.24,14.07,14.19,843600,0.0,0
2012-01-23,14.2,14.36,14.12,14.21,642700,0.125,0
2012-01-24,14.19,14.25,14.0,14.21,577100,0.0,0
2012-01-25,14.18,14.34,14.06,14.3,1227900,0.0,0
2012-01-26,14.38,14.42,14.21,14.41,866800,0.0,0
2012-01-27,14.33,14.42,14.25,14.33,626300,0.0,0
2012-01-30,14.24,14.35,14.16,14.28,314400,0.0,0
2012-01-31,14.35,14.49,14.3,14.42,419900,0.0,0
2012-02-01,14.48,14.76,14.44,14.63,568300,0.0,0
2012-02-02,14.63,14.78,14.52,14.53,341700,0.0,0
2012-02-03,14.64,14.77,14.58,14.67,398600,0.0,0
2012-02-06,14.6,14.66,14.46,14.57,203200,0.0,0
2012-02-07,14.55,14.71,14.46,14.64,269300,0.0,0
2012-02-08,14.68,14.71,14.5,14.67,251200,0.0,0
2012-02-09,14.68,14.77,14.52,14.77,294400,0.0,0
2012-02-10,14.63,14.65,14.52,14.55,325100,0.0,0
2012-02-13,14.67,14.8,14.62,14.76,452100,0.0,0
2012-02-14,14.67,14.75,14.59,14.73,339400,0.0,0
2012-02-15,14.76,14.8,14.43,14.5,444900,0.0,0
2012-02-16,14.48,14.84,14.48,14.76,337200,0.0,0
2012-02-17,14.8,14.83,14.69,14.72,240900,0.0,0
2012-02-21,14.73,14.97,14.67,14.76,329200,0.0,0
2012-02-22,14.74,14.92,14.7,14.76,329800,0.0,0
2012-02-23,14.84,14.9,14.69,14.81,382200,0.0,0
2012-02-24,14.78,14.88,14.66,14.66,388400,0.0,0
2012-02-27,14.56,14.65,14.42,14.43,572000,0.0,0
2012-02-28,14.39,14.47,14.14,14.29,667600,0.0,0
2012-02-29,14.43,14.74,14.19,14.56,1245600,0.0,0
2012-03-01,14.55,15.0,14.55,14.61,810700,0.0,0
2012-03-02,14.64,14.71,14.59,14.67,848500,0.0,0
2012-03-05,14.61,15.07,14.46,15.04,855500,0.0,0
2012-03-06,14.94,15.03,14.76,14.99,619800,0.0,0
2012-03-07,15.02,15.02,14.88,14.97,451700,0.0,0
2012-03-08,15.06,15.11,14.81,14.98,341100,0.0,0
2012-03-09,14.98,15.22,14.94,15.09,455700,0.0,0
2012-03-12,15.06,15.26,15.06,15.15,326200,0.0,0
2012-03-13,15.24,15.4,15.15,15.34,601100,0.0,0
2012-03-14,15.24,15.32,14.87,14.92,338300,0.0,0
2012-03-15,14.94,14.97,14.76,14.93,427100,0.0,0
2012-03-16,14.94,14.94,14.73,14.76,499500,0.0,0
2012-03-19,14.71,14.86,14.67,14.7,276200,0.0,0
2012-03-20,14.61,14.76,14.61,14.66,257200,0.0,0
2012-03-21,14.66,14.83,14.59,14.76,357300,0.0,0
2012-03-22,14.67,14.77,14.54,14.76,299500,0.0,0
2012-03-23,14.73,14.97,14.67,14.9,433700,0.0,0
2012-03-26,14.98,15.23,14.98,15.14,601100,0.0,0
2012-03-27,15.15,15.23,15.09,15.15,296200,0.0,0
2012-03-28,15.13,15.18,14.76,14.83,859200,0.0,0
2012-03-29,14.76,15.06,14.64,15.01,968900,0.0,0
2012-03-30,15.1,15.1,14.94,14.94,397800,0.145,0
2012-04-02,14.95,15.28,14.9,15.21,572100,0.0,0
2012-04-03,15.27,15.47,15.0,15.14,537400,0.0,0
2012-04-04,15.01,15.08,14.91,14.97,401000,0.0,0
2012-04-05,14.93,15.03,14.81,14.87,322000,0.0,0
2012-04-09,14.69,14.92,14.68,14.9,466200,0.0,0
2012-04-10,14.86,14.9,14.51,14.66,573200,0.0,0
2012-04-11,14.75,14.75,14.58,14.63,532300,0.0,0
2012-04-12,14.63,14.73,14.52,14.69,431100,0.0,0
2012-04-13,14.63,14.77,14.61,14.72,414200,0.0,0
2012-04-16,14.77,14.99,14.72,14.9,362100,0.0,0
2012-04-17,15.02,15.11,14.88,15.08,509800,0.0,0
2012-04-18,14.96,15.08,14.92,14.96,340900,0.0,0
2012-04-19,14.96,15.06,14.84,15.05,649900,0.0,0
2012-04-20,15.15,15.23,15.09,15.19,731200,0.0,0
2012-04-23,15.03,15.14,14.91,15.13,556700,0.0,0
2012-04-24,15.17,15.28,15.14,15.23,371000,0.0,0
2012-04-25,15.3,15.35,15.21,15.31,365200,0.0,0
2012-04-26,15.28,15.43,15.21,15.38,238500,0.0,0
2012-04-27,15.42,15.55,15.28,15.49,360500,0.0,0
2012-04-30,15.45,15.45,15.26,15.31,444300,0.0,0
2012-05-01,15.35,15.55,15.31,15.37,469900,0.0,0
2012-05-02,15.3,15.35,15.18,15.25,413500,0.0,0
2012-05-03,15.26,15.28,15.09,15.14,408400,0.0,0
2012-05-04,15.14,15.37,15.01,15.03,782000,0.0,0
2012-05-07,14.97,15.13,14.9,15.1,342000,0.0,0
2012-05-08,14.96,15.18,14.92,15.05,563400,0.0,0
2012-05-09,14.94,14.99,14.83,14.98,304000,0.0,0
2012-05-10,15.0,15.14,14.95,15.03,308600,0.0,0
2012-05-11,15.0,15.03,14.88,14.93,339300,0.0,0
2012-05-14,14.82,14.95,14.71,14.8,331500,0.0,0
2012-05-15,14.75,14.82,14.55,14.66,463300,0.0,0
2012-05-16,14.68,14.81,14.67,14.72,451900,0.0,0
2012-05-17,14.71,14.73,14.55,14.56,449000,0.0,0
2012-05-18,14.5,14.75,14.5,14.66,666700,0.0,0
2012-05-21,14.7,14.73,14.57,14.72,307000,0.0,0
2012-05-22,14.75,14.88,14.71,14.77,297000,0.0,0
2012-05-23,14.69,14.95,14.69,14.9,684000,0.0,0
2012-05-24,14.87,15.01,14.78,14.99,452600,0.0,0
2012-05-25,15.04,15.12,14.95,15.07,323900,0.0,0
2012-05-29,15.16,15.24,15.05,15.23,250000,0.0,0
2012-05-30,15.16,15.34,15.1,15.12,387100,0.0,0
2012-05-31,15.12,15.29,15.09,15.22,562200,0.0,0
2012-06-01,15.03,15.2,14.81,14.87,498000,0.0,0
2012-06-04,14.86,14.95,14.75,14.89,343100,0.0,0
2012-06-05,14.81,15.08,14.81,15.03,295900,0.0,0
2012-06-06,15.13,15.32,15.02,15.32,375800,0.0,0
2012-06-07,15.35,15.44,15.21,15.21,409300,0.0,0
2012-06-08,15.21,15.36,15.14,15.32,216500,0.0,0
2012-06-11,15.44,15.48,15.21,15.21,335900,0.0,0
2012-06-12,15.26,15.27,15.08,15.27,254900,0.0,0
2012-06-13,15.21,15.3,15.09,15.13,333300,0.0,0
2012-06-14,15.12,15.28,15.12,15.22,235300,0.0,0
2012-06-15,15.26,15.39,15.18,15.35,621000,0.0,0
2012-06-18,15.28,15.48,15.26,15.39,344600,0.0,0
2012-06-19,15.39,15.55,15.34,15.48,599200,0.0,0
2012-06-20,15.52,15.72,15.4,15.48,690600,0.0,0
2012-06-21,15.45,15.54,15.23,15.31,499700,0.0,0
2012-06-22,15.4,15.55,15.35,15.52,1252300,0.0,0
2012-06-25,15.42,15.69,15.39,15.61,643700,0.0,0
2012-06-26,15.61,15.67,15.48,15.55,749100,0.0,0
2012-06-27,15.56,15.81,15.52,15.72,422600,0.0,0
2012-06-28,15.67,15.91,15.52,15.91,322300,0.0,0
2012-06-29,16.05,16.08,15.88,15.95,619700,0.0,0
2012-07-02,15.98,16.31,15.97,16.3,528200,0.0,0
2012-07-03,16.32,16.59,16.26,16.33,486100,0.0,0
2012-07-05,16.41,16.53,16.32,16.37,479100,0.0,0
2012-07-06,16.25,16.32,16.16,16.2,531300,0.0,0
2012-07-09,16.19,16.32,16.1,16.18,406000,0.0,0
2012-07-10,16.27,16.37,16.09,16.17,257900,0.0,0
2012-07-11,16.15,16.32,16.04,16.12,388800,0.0,0
2012-07-12,16.08,16.19,15.97,16.13,273200,0.0,0
2012-07-13,16.16,16.48,16.14,16.46,427100,0.0,0
2012-07-16,16.43,16.57,16.34,16.39,246800,0.0,0
2012-07-17,16.47,16.54,16.32,16.41,275600,0.0,0
2012-07-18,16.43,16.68,16.39,16.6,468500,0.0,0
2012-07-19,16.62,16.62,16.45,16.53,225400,0.0,0
2012-07-20,16.46,16.75,16.46,16.69,465100,0.0,0
2012-07-23,16.54,16.71,16.54,16.64,303400,0.0,0
2012-07-24,16.68,16.69,16.44,16.53,448700,0.0,0
2012-07-25,16.61,16.78,16.54,16.67,506200,0.0,0
2012-07-26,16.85,17.0,16.81,16.94,557600,0.0,0
2012-07-27,17.01,17.37,16.97,17.13,644300,0.0,0
2012-07-30,17.2,17.31,17.04,17.1,831300,0.145,0
2012-07-31,17.08,17.31,17.08,17.1,453800,0.0,0
2012-08-01,17.17,17.39,16.69,16.73,575400,0.0,0
2012-08-02,16.66,16.79,16.51,16.78,571900,0.0,0
2012-08-03,16.83,17.38,16.83,17.1,463800,0.0,0
2012-08-06,17.08,17.14,16.9,17.01,276800,0.0,0
2012-08-07,17.04,17.16,16.89,16.91,301500,0.0,0
2012-08-08,16.9,17.04,16.9,16.95,268200,0.0,0
2012-08-09,16.96,17.03,16.82,16.89,224300,0.0,0
2012-08-10,16.92,16.96,16.76,16.95,226600,0.0,0
2012-08-13,16.89,16.93,16.72,16.88,196000,0.0,0
2012-08-14,16.93,17.01,16.86,16.98,344200,0.0,0
2012-08-15,16.96,17.09,16.89,17.01,284500,0.0,0
2012-08-16,17.05,17.19,16.97,17.06,599200,0.0,0
2012-08-17,17.04,17.05,16.87,16.97,340600,0.0,0
2012-08-20,16.92,17.28,16.91,17.22,607000,0.0,0
2012-08-21,17.24,17.38,17.13,17.2,629400,0.0,0
2012-08-22,17.15,17.28,16.99,17.01,269800,0.0,0
2012-08-23,16.99,17.01,16.68,16.68,288400,0.0,0
2012-08-24,16.64,16.91,16.64,16.87,295100,0.0,0
2012-08-27,16.96,17.07,16.87,16.99,222500,0.0,0
2012-08-28,16.94,17.18,16.88,17.11,425600,0.0,0
2012-08-29,17.1,17.42,17.08,17.33,297800,0.0,0
2012-08-30,17.24,17.26,17.09,17.09,206300,0.0,0
2012-08-31,17.19,17.19,16.83,16.91,264100,0.0,0
2012-09-04,16.92,17.33,16.88,17.2,431900,0.0,0
2012-09-05,17.3,17.44,17.1,17.33,687200,0.0,0
2012-09-06,17.42,17.74,17.33,17.61,998200,0.0,0
2012-09-07,17.7,17.72,17.38,17.42,513400,0.0,0
2012-09-10,17.45,17.54,17.21,17.21,492100,0.0,0
2012-09-11,17.28,17.3,17.08,17.09,348200,0.0,0
2012-09-12,17.18,17.18,16.78,16.78,599300,0.0,0
2012-09-13,16.82,17.03,16.74,16.96,468300,0.0,0
2012-09-14,16.98,17.02,16.68,17.0,599500,0.0,0
2012-09-17,16.94,17.09,16.93,16.97,425700,0.0,0
2012-09-18,16.91,16.92,16.58,16.75,632800,0.0,0
2012-09-19,16.81,16.87,16.73,16.79,225200,0.0,0
2012-09-20,16.75,16.96,16.72,16.95,194500,0.0,0
2012-09-21,17.14,17.21,16.98,17.05,714200,0.0,0
2012-09-24,17.03,17.44,17.0,17.4,486600,0.0,0
2012-09-25,17.45,17.61,17.28,17.29,313600,0.0,0
2012-09-26,17.35,17.6,17.29,17.38,251800,0.0,0
2012-09-27,17.38,17.39,17.13,17.22,320000,0.0,0
2012-09-28,17.16,17.34,17.11,17.28,297300,0.0,0
2012-10-01,17.29,17.38,17.08,17.13,564100,0.0,0
2012-10-02,17.19,17.33,17.14,17.33,296300,0.0,0
2012-10-03,17.39,17.49,17.23,17.24,658700,0.0,0
2012-10-04,17.31,17.42,17.25,17.41,387200,0.0,0
2012-10-05,17.51,17.76,17.42,17.67,731600,0.0,0
2012-10-08,17.67,17.89,17.61,17.69,315200,0.0,0
2012-10-09,17.7,18.08,17.67,18.02,536500,0.0,0
2012-10-10,18.03,18.11,17.84,17.91,472300,0.0,0
2012-10-11,18.03,18.07,17.83,17.88,249000,0.0,0
2012-10-12,17.89,17.98,17.75,17.78,188000,0.0,0
2012-10-15,17.79,17.92,17.64,17.82,433300,0.0,0
2012-10-16,17.93,17.96,17.75,17.83,694900,0.0,0
2012-10-17,17.88,18.13,17.83,18.07,573300,0.0,0
2012-10-18,18.11,18.24,17.96,18.04,445400,0.0,0
2012-10-19,17.96,18.08,17.71,17.76,479900,0.0,0
2012-10-22,17.71,17.93,17.68,17.93,391200,0.0,0
2012-10-23,17.81,17.93,17.7,17.88,353800,0.0,0
2012-10-24,17.89,17.98,17.84,17.92,288700,0.0,0
2012-10-25,18.0,18.11,17.94,18.11,194700,0.0,0
2012-10-26,18.08,18.17,18.0,18.1,263400,0.0,0
2012-10-31,18.1,18.38,17.82,18.33,382200,0.145,0
2012-11-01,18.38,18.65,18.24,18.47,749200,0.0,0
2012-11-02,18.47,18.59,18.12,18.19,667600,0.0,0
2012-11-05,18.19,18.19,17.86,17.91,249600,0.0,0
2012-11-06,17.93,18.15,17.9,17.99,373800,0.0,0
2012-11-07,17.88,17.97,17.34,17.42,556900,0.0,0
2012-11-08,17.43,17.61,17.27,17.27,440500,0.0,0
2012-11-09,17.18,17.27,16.99,17.01,351700,0.0,0
2012-11-12,17.04,17.08,16.81,16.96,325600,0.0,0
2012-11-13,16.88,17.15,16.83,17.02,399700,0.0,0
2012-11-14,17.01,17.08,16.87,16.89,456300,0.0,0
2012-11-15,16.84,16.95,16.57,16.59,492100,0.0,0
2012-11-16,16.55,16.81,16.35,16.8,415100,0.0,0
2012-11-19,16.89,16.91,16.65,16.79,378400,0.0,0
2012-11-20,16.77,16.84,16.62,16.84,219400,0.0,0
2012-11-21,16.84,17.02,16.81,16.97,274400,0.0,0
2012-11-23,17.04,17.08,16.71,16.88,187300,0.0,0
2012-11-26,16.83,17.18,16.8,17.11,259600,0.0,0
2012-11-27,17.14,17.36,17.07,17.23,249500,0.0,0
2012-11-28,17.22,17.52,17.1,17.31,575600,0.0,0
2012-11-29,17.42,17.52,17.26,17.42,238800,0.0,0
2012-11-30,17.49,17.64,17.37,17.48,567400,0.0,0
2012-12-03,17.56,17.63,17.34,17.54,361800,0.0,0
2012-12-04,17.46,17.46,17.12,17.37,784900,0.0,0
2012-12-05,17.37,17.71,17.29,17.52,431400,0.0,0
2012-12-06,17.52,17.83,17.51,17.71,451000,0.0,0
2012-12-07,17.71,17.78,17.37,17.43,628300,0.0,0
2012-12-10,17.5,17.5,17.31,17.43,477500,0.0,0
2012-12-11,17.51,17.59,17.37,17.53,451400,0.0,0
2012-12-12,17.6,17.61,17.3,17.36,1204000,0.0,0
2012-12-13,17.39,17.42,17.0,17.13,621200,0.0,0
2012-12-14,17.13,17.24,16.8,16.89,977900,0.0,0
2012-12-17,16.92,17.25,16.89,17.23,638400,0.0,0
2012-12-18,17.21,17.33,17.11,17.26,712000,0.0,0
2012-12-19,17.27,17.35,17.07,17.31,488200,0.0,0
2012-12-20,17.37,17.51,17.24,17.41,469300,0.0,0
2012-12-21,17.32,17.47,17.22,17.39,1484300,0.0,0
2012-12-24,17.32,17.37,17.13,17.27,277300,0.0,0
2012-12-26,17.27,17.37,17.04,17.04,353300,0.0,0
2012-12-27,17.04,17.13,16.79,16.99,329500,0.0,0
2012-12-28,16.91,17.09,16.65,16.78,569700,0.0,0
2012-12-31,16.75,17.0,16.59,16.97,536800,0.0,0
2013-01-02,17.25,17.45,17.19,17.45,1052800,0.0,0
2013-01-03,17.47,17.61,17.4,17.47,378700,0.0,0
2013-01-04,17.57,17.61,17.42,17.56,559800,0.0,0
2013-01-07,17.46,17.5,17.23,17.29,364400,0.0,0
2013-01-08,17.23,17.27,16.87,16.94,705000,0.0,0
2013-01-09,16.93,17.01,16.65,16.78,561300,0.0,0
2013-01-10,16.86,16.86,16.66,16.8,495200,0.0,0
2013-01-11,16.84,16.89,16.7,16.8,492800,0.0,0
2013-01-14,16.8,16.95,16.79,16.95,355900,0.0,0
2013-01-15,16.88,17.01,16.84,16.85,431900,0.0,0
2013-01-16,16.84,16.9,16.77,16.8,1167500,0.0,0
2013-01-17,16.82,17.01,16.72,16.97,876600,0.145,0
2013-01-18,16.93,17.12,16.93,17.07,340900,0.0,0
2013-01-22,17.07,17.47,17.04,17.44,649300,0.0,0
2013-01-23,17.46,17.47,17.27,17.37,397800,0.0,0
2013-01-24,17.42,17.49,17.29,17.35,383800,0.0,0
2013-01-25,17.45,17.5,17.22,17.41,426400,0.0,0
2013-01-28,17.5,17.71,17.46,17.58,672400,0.0,0
2013-01-29,17.58,17.84,17.51,17.8,435200,0.0,0
2013-01-30,17.78,17.81,17.58,17.63,394300,0.0,0
2013-01-31,17.6,17.83,17.55,17.8,393600,0.0,0
2013-02-01,17.86,18.02,17.78,17.94,372900,0.0,0
2013-02-04,17.87,17.98,17.72,17.76,549200,0.0,0
2013-02-05,17.86,17.88,17.69,17.73,402000,0.0,0
2013-02-06,17.67,17.88,17.61,17.87,374200,0.0,0
2013-02-07,17.87,18.02,17.73,17.79,269100,0.0,0
2013-02-08,17.82,17.82,17.61,17.62,407300,0.0,0
2013-02-11,17.64,17.7,17.53,17.62,377400,0.0,0
2013-02-12,17.63,17.68,17.56,17.65,425400,0.0,0
2013-02-13,17.68,17.76,17.66,17.74,268200,0.0,0
2013-02-14,17.71,17.74,17.56,17.62,211700,0.0,0
2013-02-15,17.62,17.7,17.46,17.63,1098300,0.0,0
2013-02-19,17.76,18.42,17.76,18.31,1012900,0.0,0
2013-02-20,18.49,18.81,18.36,18.37,831400,0.0,0
2013-02-21,18.33,18.49,18.19,18.23,408500,0.0,0
2013-02-22,18.33,18.53,18.32,18.42,317500,0.0,0
2013-02-25,18.47,18.6,18.12,18.14,355900,0.0,0
2013-02-26,18.19,18.36,18.16,18.25,595700,0.0,0
2013-02-27,18.29,18.7,18.18,18.57,508400,0.0,0
2013-02-28,18.57,18.86,18.44,18.72,689300,0.0,0
2013-03-01,18.58,18.94,18.26,18.89,957900,0.0,0
2013-03-04,18.87,19.33,18.87,19.07,1047800,0.0,0
2013-03-05,19.11,19.31,19.07,19.18,722500,0.0,0
2013-03-06,19.25,19.29,19.03,19.24,631900,0.0,0
2013-03-07,19.22,19.47,19.15,19.34,616800,0.0,0
2013-03-08,19.46,19.47,19.07,19.2,434400,0.0,0
2013-03-11,19.22,19.37,19.12,19.23,371600,0.0,0
2013-03-12,19.24,19.47,19.2,19.32,677900,0.0,0
2013-03-13,19.36,19.38,19.21,19.34,288700,0.0,0
2013-03-14,19.37,19.43,19.27,19.29,418500,0.0,0
2013-03-15,19.27,19.42,19.17,19.17,1647400,0.0,0
2013-03-18,19.07,19.3,19.04,19.13,566500,0.0,0
2013-03-19,19.2,19.43,19.07,19.15,491300,0.0,0
2013-03-20,19.22,19.28,19.13,19.22,287500,0.0,0
2013-03-21,19.08,19.3,19.05,19.24,377800,0.0,0
2013-03-22,19.31,19.35,19.17,19.19,255700,0.0,0
2013-03-25,19.21,19.36,18.98,19.04,311200,0.0,0
2013-03-26,19.12,19.27,19.12,19.25,240600,0.0,0
2013-03-27,19.17,19.21,19.06,19.2,315900,0.0,0
2013-03-28,19.25,19.47,19.17,19.41,394800,0.0,0
2013-04-01,19.41,19.47,19.18,19.29,330100,0.0,0
2013-04-02,19.32,19.38,19.11,19.17,430800,0.0,0
2013-04-03,19.26,19.26,19.03,19.08,433200,0.0,0
2013-04-04,19.1,19.34,19.02,19.33,436500,0.0,0
2013-04-05,19.08,19.29,19.08,19.26,287000,0.0,0
2013-04-08,19.28,19.52,19.17,19.51,296600,0.0,0
2013-04-09,19.49,19.54,19.32,19.32,290300,0.0,0
2013-04-10,19.37,19.67,19.32,19.63,453200,0.0,0
2013-04-11,19.67,19.73,19.59,19.72,374300,0.0,0
2013-04-12,19.65,19.84,19.63,19.75,331000,0.0,0
2013-04-15,19.7,19.7,19.22,19.23,626600,0.0,0
2013-04-16,19.32,19.43,19.14,19.42,449400,0.0,0
2013-04-17,19.33,19.37,19.0,19.23,491800,0.165,0
2013-04-18,19.27,19.37,19.14,19.29,503000,0.0,0
2013-04-19,19.3,19.71,19.28,19.71,310900,0.0,0
2013-04-22,19.75,19.88,19.48,19.74,382600,0.0,0
2013-04-23,19.86,19.95,19.68,19.95,422100,0.0,0
2013-04-24,19.97,20.07,19.83,20.0,224100,0.0,0
2013-04-25,20.06,20.06,19.84,19.85,294500,0.0,0
2013-04-26,19.74,19.95,19.66,19.75,280800,0.0,0
2013-04-29,19.78,20.07,19.76,19.96,607600,0.0,0
2013-04-30,19.97,20.15,19.81,20.15,465600,0.0,0
2013-05-01,20.14,20.14,19.68,19.69,536200,0.0,0
2013-05-02,19.76,19.85,19.58,19.7,405800,0.0,0
2013-05-03,19.89,20.14,19.88,20.01,439400,0.0,0
2013-05-06,20.04,20.07,19.5,19.65,524700,0.0,0
2013-05-07,19.71,19.86,19.63,19.84,363000,0.0,0
2013-05-08,19.81,19.81,19.45,19.63,506400,0.0,0
2013-05-09,19.6,19.68,19.08,19.14,568400,0.0,0
2013-05-10,19.16,19.19,18.96,19.19,463400,0.0,0
2013-05-13,19.08,19.16,18.97,19.08,199000,0.0,0
2013-05-14,19.08,19.51,19.08,19.43,463100,0.0,0
2013-05-15,19.42,19.81,19.39,19.66,448100,0.0,0
2013-05-16,19.59,19.64,19.29,19.36,367500,0.0,0
2013-05-17,19.49,19.57,19.29,19.48,508000,0.0,0
2013-05-20,19.42,19.5,19.24,19.24,509700,0.0,0
2013-05-21,19.23,19.5,19.22,19.5,525400,0.0,0
2013-05-22,19.5,19.77,19.09,19.14,462300,0.0,0
2013-05-23,18.98,19.08,18.74,18.97,802600,0.0,0
2013-05-24,18.87,18.97,18.76,18.9,679000,0.0,0
2013-05-28,18.95,19.28,18.82,18.86,604700,0.0,0
2013-05-29,18.74,18.74,18.27,18.56,567700,0.0,0
2013-05-30,18.73,19.25,18.73,18.87,625500,0.0,0
2013-05-31,18.79,19.19,18.79,18.82,430300,0.0,0
2013-06-03,18.81,18.86,18.56,18.75,635500,0.0,0
2013-06-04,18.72,18.78,18.32,18.39,483700,0.0,0
2013-06-05,18.32,18.36,18.1,18.11,428900,0.0,0
2013-06-06,18.11,18.47,17.84,18.47,650600,0.0,0
2013-06-07,19.04,19.22,18.66,18.77,679700,0.0,0
2013-06-10,18.85,18.97,18.62,18.82,473000,0.0,0
2013-06-11,18.65,18.9,18.49,18.66,306600,0.0,0
2013-06-12,18.81,18.86,18.36,18.41,380000,0.0,0
2013-06-13,18.38,18.59,18.19,18.49,597400,0.0,0
2013-06-14,18.51,18.74,18.49,18.64,455500,0.0,0
2013-06-17,18.77,18.82,18.56,18.61,389200,0.0,0
2013-06-18,18.69,18.92,18.56,18.92,364700,0.0,0
2013-06-19,18.88,18.98,18.46,18.46,335500,0.0,0
2013-06-20,18.26,18.31,17.82,17.92,553000,0.0,0
2013-06-21,17.99,18.14,17.77,18.02,738600,0.0,0
2013-06-24,17.91,18.3,17.72,18.07,475700,0.0,0
2013-06-25,18.16,18.35,17.99,18.25,415900,0.0,0
2013-06-26,18.42,18.52,18.24,18.37,603500,0.0,0
2013-06-27,18.45,18.71,18.4,18.56,465200,0.0,0
2013-06-28,18.56,18.72,18.35,18.62,620300,0.0,0
2013-07-01,18.66,18.74,18.5,18.59,439100,0.0,0
2013-07-02,18.44,18.88,18.4,18.56,799400,0.0,0
2013-07-03,18.47,18.56,18.33,18.46,189600,0.0,0
2013-07-05,18.61,18.65,18.17,18.51,484600,0.0,0
2013-07-08,18.6,18.84,18.44,18.78,322100,0.0,0
2013-07-09,18.84,18.89,18.72,18.76,765100,0.0,0
2013-07-10,18.75,19.13,18.74,19.09,329700,0.0,0
2013-07-11,19.3,19.4,19.14,19.23,342200,0.0,0
2013-07-12,19.21,19.34,19.09,19.32,229100,0.0,0
2013-07-15,19.3,19.7,19.3,19.57,274200,0.0,0
2013-07-16,19.58,19.71,19.47,19.55,274400,0.0,0
2013-07-17,19.66,19.71,19.3,19.55,407500,0.0,0
2013-07-18,19.6,19.87,19.59,19.82,212800,0.0,0
2013-07-19,19.73,20.16,19.73,20.11,392000,0.0,0
2013-07-22,20.13,20.26,19.97,20.01,349300,0.0,0
2013-07-23,20.07,20.13,19.94,20.09,215000,0.0,0
2013-07-24,20.13,20.13,19.5,19.59,328200,0.0,0
2013-07-25,19.59,19.8,19.5,19.79,492700,0.0,0
2013-07-26,19.63,19.86,19.52,19.86,159300,0.0,0
2013-07-29,19.82,19.98,19.74,19.84,302000,0.0,0
2013-07-30,19.92,19.99,19.79,19.94,281300,0.0,0
2013-07-31,19.99,20.0,19.72,19.84,219800,0.165,0
2013-08-01,20.0,20.2,19.95,20.08,557100,0.0,0
2013-08-02,20.11,20.61,19.99,20.53,702800,0.0,0
2013-08-05,20.51,20.51,20.29,20.32,631400,0.0,0
2013-08-06,20.24,20.33,20.08,20.11,341500,0.0,0
2013-08-07,20.03,20.15,19.9,20.0,421400,0.0,0
2013-08-08,20.11,20.26,20.02,20.15,395700,0.0,0
2013-08-09,20.14,20.21,19.94,19.97,303700,0.0,0
2013-08-12,19.89,20.13,19.8,20.04,537400,0.0,0
2013-08-13,20.06,20.16,19.9,19.94,424100,0.0,0
2013-08-14,19.91,19.98,19.7,19.86,357800,0.0,0
2013-08-15,19.7,19.78,19.34,19.35,436100,0.0,0
2013-08-16,19.3,19.33,19.0,19.05,411500,0.0,0
2013-08-19,19.02,19.1,18.91,19.02,445500,0.0,0
2013-08-20,19.03,19.45,19.0,19.41,716100,0.0,0
2013-08-21,19.31,19.36,18.95,19.0,469100,0.0,0
2013-08-22,19.06,19.25,18.99,19.08,412300,0.0,0
2013-08-23,19.11,19.32,18.98,19.31,466900,0.0,0
2013-08-26,19.31,19.41,19.07,19.17,320500,0.0,0
2013-08-27,19.01,19.17,18.9,18.9,903200,0.0,0
2013-08-28,18.91,19.07,18.79,18.87,430800,0.0,0
2013-08-29,18.83,18.91,18.64,18.68,371300,0.0,0
2013-08-30,18.65,18.8,18.47,18.52,438400,0.0,0
2013-09-03,18.69,18.79,18.0,18.05,744800,0.0,0
2013-09-04,18.05,18.11,17.89,18.1,508400,0.0,0
2013-09-05,18.1,18.14,17.87,17.98,315900,0.0,0
2013-09-06,18.08,18.24,17.93,17.96,385800,0.0,0
2013-09-09,18.03,18.22,17.84,18.2,402800,0.0,0
2013-09-10,18.26,18.31,18.05,18.3,448400,0.0,0
2013-09-11,18.3,18.31,18.08,18.25,388600,0.0,0
2013-09-12,18.3,18.42,18.09,18.11,250800,0.0,0
2013-09-13,18.14,18.3,18.08,18.26,326300,0.0,0
2013-09-16,18.49,18.56,18.2,18.3,555900,0.0,0
2013-09-17,18.3,18.55,18.23,18.55,560600,0.0,0
2013-09-18,18.52,19.18,18.47,19.12,489400,0.0,0
2013-09-19,19.12,19.22,18.94,18.99,324900,0.0,0
2013-09-20,19.07,19.09,18.9,18.9,769800,0.0,0
2013-09-23,18.86,19.3,18.85,19.17,375700,0.0,0
2013-09-24,19.16,19.29,19.07,19.18,276900,0.0,0
2013-09-25,19.1,19.23,18.98,19.01,171500,0.0,0
2013-09-26,19.01,19.14,18.91,18.99,256400,0.0,0
2013-09-27,18.83,19.06,18.81,18.87,308000,0.0,0
2013-09-30,18.74,19.22,18.74,19.12,807800,0.0,0
2013-10-01,19.14,19.51,19.14,19.34,751300,0.0,0
2013-10-02,19.28,19.29,19.02,19.06,300900,0.0,0
2013-10-03,18.99,19.01,18.61,18.77,391200,0.0,0
2013-10-04,18.79,18.91,18.72,18.85,209700,0.0,0
2013-10-07,18.72,18.97,18.67,18.81,325700,0.0,0
2013-10-08,18.8,19.06,18.67,18.93,254900,0.0,0
2013-10-09,18.96,19.33,18.92,19.09,529200,0.0,0
2013-10-10,19.31,19.66,19.13,19.61,548200,0.0,0
2013-10-11,19.59,19.85,19.51,19.85,431100,0.0,0
2013-10-14,19.74,19.79,19.42,19.66,263200,0.0,0
2013-10-15,19.64,19.64,19.2,19.29,369900,0.0,0
2013-10-16,19.34,19.51,19.3,19.47,225900,0.0,0
2013-10-17,19.4,19.98,19.29,19.92,313800,0.0,0
2013-10-18,20.05,20.15,19.94,20.12,369600,0.0,0
2013-10-21,20.15,20.15,19.91,20.01,264200,0.0,0
2013-10-22,20.08,20.32,19.99,20.24,327900,0.0,0
2013-10-23,20.19,20.38,20.13,20.24,644600,0.0,0
2013-10-24,20.33,20.36,20.16,20.22,444300,0.0,0
2013-10-25,20.28,20.44,20.14,20.44,272600,0.0,0
2013-10-28,20.44,20.54,20.26,20.42,415100,0.0,0
2013-10-29,20.42,20.54,20.31,20.52,431500,0.0,0
2013-10-30,20.59,20.73,20.34,20.34,274600,0.0,0
2013-10-31,20.3,20.43,20.03,20.22,388100,0.0,0
2013-11-01,20.37,20.67,20.03,20.27,514200,0.0,0
2013-11-04,20.36,20.38,19.99,20.19,370300,0.165,0
2013-11-05,20.11,20.23,19.95,19.95,295200,0.0,0
2013-11-06,20.08,20.21,19.93,19.99,249000,0.0,0
2013-11-07,20.01,20.09,19.63,19.67,369500,0.0,0
2013-11-08,19.64,19.94,19.44,19.81,405500,0.0,0
2013-11-11,19.83,20.01,19.71,19.89,439100,0.0,0
2013-11-12,19.82,19.92,19.56,19.6,279900,0.0,0
2013-11-13,19.45,19.6,19.27,19.6,320500,0.0,0
2013-11-14,19.61,19.8,19.56,19.77,181800,0.0,0
2013-11-15,19.73,19.76,19.51,19.72,282200,0.0,0
2013-11-18,19.73,19.85,19.54,19.71,384300,0.0,0
2013-11-19,19.66,19.82,19.57,19.61,335700,0.0,0
2013-11-20,19.67,19.74,19.51,19.56,218100,0.0,0
2013-11-21,19.54,19.85,19.5,19.81,315700,0.0,0
2013-11-22,19.76,19.9,19.69,19.85,331800,0.0,0
2013-11-25,19.82,19.95,19.72,19.76,247300,0.0,0
2013-11-26,19.73,19.73,19.52,19.67,374300,0.0,0
2013-11-27,19.72,19.82,19.65,19.75,333100,0.0,0
2013-11-29,19.77,19.87,19.71,19.8,260000,0.0,0
2013-12-02,19.81,19.87,19.62,19.71,475000,0.0,0
2013-12-03,19.62,19.77,19.45,19.54,1110400,0.0,0
2013-12-04,19.43,19.82,19.33,19.77,463500,0.0,0
2013-12-05,19.77,19.82,19.59,19.65,422800,0.0,0
2013-12-06,19.75,20.14,19.58,20.13,776200,0.0,0
2013-12-09,20.05,20.24,19.74,20.09,1136600,0.0,0
2013-12-10,20.01,20.08,19.67,19.68,647600,0.0,0
2013-12-11,19.65,19.67,19.39,19.48,435400,0.0,0
2013-12-12,19.56,19.93,19.56,19.78,927100,0.0,0
2013-12-13,19.79,19.96,19.72,19.89,523800,0.0,0
2013-12-16,19.92,20.2,19.88,20.01,354100,0.0,0
2013-12-17,20.01,20.07,19.93,20.06,510900,0.0,0
2013-12-18,20.06,20.33,19.83,20.33,367800,0.0,0
2013-12-19,20.28,20.34,20.01,20.07,437800,0.0,0
2013-12-20,20.08,20.36,20.07,20.28,730600,0.0,0
2013-12-23,20.49,20.53,20.31,20.36,377900,0.0,0
2013-12-24,20.32,20.56,20.22,20.42,166700,0.0,0
2013-12-26,20.45,20.54,20.34,20.47,230400,0.0,0
2013-12-27,20.55,20.62,20.37,20.61,236700,0.0,0
2013-12-30,20.61,20.73,20.51,20.55,218300,0.0,0
2013-12-31,20.62,20.67,20.48,20.53,266000,0.0,0
2014-01-02,20.51,20.51,20.06,20.18,368100,0.0,0
2014-01-03,20.17,20.31,20.1,20.19,350600,0.0,0
2014-01-06,20.25,20.28,20.02,20.02,442400,0.0,0
2014-01-07,20.13,20.38,20.11,20.3,435900,0.0,0
2014-01-08,20.25,20.33,20.09,20.33,505400,0.0,0
2014-01-09,20.39,20.48,20.24,20.46,375300,0.0,0
2014-01-10,20.52,20.95,20.41,20.92,348600,0.0,0
2014-01-13,20.81,21.07,20.7,20.87,605800,0.0,0
2014-01-14,20.93,21.56,20.88,21.04,416600,0.0,0
2014-01-15,21.16,21.2,20.96,20.96,367000,0.0,0
2014-01-16,20.91,21.05,20.91,20.99,196700,0.0,0
2014-01-17,20.99,21.04,20.93,20.93,234100,0.0,0
2014-01-21,20.85,21.2,20.79,21.19,785100,0.185,0
2014-01-22,21.21,21.3,21.2,21.28,250400,0.0,0
2014-01-23,21.18,21.31,21.09,21.11,316600,0.0,0
2014-01-24,20.98,21.17,20.76,20.84,408400,0.0,0
2014-01-27,20.86,20.96,20.69,20.9,414200,0.0,0
2014-01-28,20.92,20.92,20.74,20.91,448900,0.0,0
2014-01-29,20.72,21.03,20.71,20.85,370100,0.0,0
2014-01-30,20.95,21.25,20.82,21.19,243100,0.0,0
2014-01-31,20.87,21.27,20.82,21.14,538400,0.0,0
2014-02-03,21.15,21.26,20.48,20.59,1293600,0.0,0
2014-02-04,20.71,20.71,20.43,20.54,806200,0.0,0
2014-02-05,20.49,20.53,20.32,20.48,388900,0.0,0
2014-02-06,20.54,20.66,20.41,20.63,338300,0.0,0
2014-02-07,20.75,20.89,20.64,20.86,372400,0.0,0
2014-02-10,20.86,20.96,20.62,20.9,261600,0.0,0
2014-02-11,20.9,21.38,20.85,21.24,313700,0.0,0
2014-02-12,21.24,21.31,21.14,21.2,263700,0.0,0
2014-02-13,21.07,21.51,21.06,21.51,258100,0.0,0
2014-02-14,21.55,21.73,21.47,21.72,272400,0.0,0
2014-02-18,21.78,21.87,21.62,21.86,241900,0.0,0
2014-02-19,21.77,21.94,21.53,21.53,330900,0.0,0
2014-02-20,21.56,21.93,21.56,21.89,276400,0.0,0
2014-02-21,21.88,22.15,21.88,22.01,357500,0.0,0
2014-02-24,22.05,22.12,21.81,21.82,282600,0.0,0
2014-02-25,21.8,21.98,21.72,21.86,245700,0.0,0
2014-02-26,21.95,22.15,21.84,21.95,312200,0.0,0
2014-02-27,21.92,21.95,21.73,21.93,266700,0.0,0
2014-02-28,22.27,22.66,22.04,22.42,572000,0.0,0
2014-03-03,22.49,22.49,22.04,22.08,462300,0.0,0
2014-03-04,22.33,22.76,22.24,22.7,592000,0.0,0
2014-03-05,22.65,22.75,22.31,22.47,395100,0.0,0
2014-03-06,22.54,22.79,22.33,22.4,724700,0.0,0
2014-03-07,22.4,22.42,22.03,22.27,410500,0.0,0
2014-03-10,22.21,22.34,21.98,22.01,327200,0.0,0
2014-03-11,22.09,22.26,21.83,22.23,522400,0.0,0
2014-03-12,22.19,22.76,22.19,22.76,527100,0.0,0
2014-03-13,22.76,23.22,22.76,23.09,668300,0.0,0
2014-03-14,23.06,23.29,23.04,23.07,629200,0.0,0
2014-03-17,23.16,23.29,22.93,23.28,327300,0.0,0
2014-03-18,23.35,23.36,23.18,23.24,660400,0.0,0
2014-03-19,23.2,23.28,22.77,22.81,661300,0.0,0
2014-03-20,22.76,22.76,22.52,22.56,344900,0.0,0
2014-03-21,22.73,23.3,22.69,22.97,1059900,0.0,0
2014-03-24,23.06,23.13,22.84,22.89,404200,0.0,0
2014-03-25,22.99,23.12,22.79,23.09,296500,0.0,0
2014-03-26,23.21,23.3,22.91,22.91,357200,0.0,0
2014-03-27,22.93,23.0,22.81,22.96,278400,0.0,0
2014-03-28,22.92,23.1,22.91,22.97,216100,0.0,0
2014-03-31,23.09,23.28,22.96,23.18,437600,0.0,0
2014-04-01,23.19,23.24,23.01,23.12,635500,0.0,0
2014-04-02,23.14,23.23,22.93,23.21,288400,0.0,0
2014-04-03,23.29,23.4,23.18,23.31,245800,0.0,0
2014-04-04,23.41,23.54,23.0,23.0,405600,0.0,0
2014-04-07,23.01,23.3,22.94,23.1,374800,0.0,0
2014-04-08,23.15,23.47,22.94,23.3,288500,0.0,0
2014-04-09,23.32,23.39,23.04,23.19,294300,0.0,0
2014-04-10,23.16,23.47,22.89,22.99,367500,0.0,0
2014-04-11,23.0,23.46,22.97,23.21,653900,0.0,0
2014-04-14,23.42,23.74,23.17,23.6,500400,0.0,0
2014-04-15,23.61,23.82,23.5,23.81,455500,0.185,0
2014-04-16,23.91,23.93,23.57,23.74,442400,0.0,0
2014-04-17,23.74,23.87,23.48,23.5,244100,0.0,0
2014-04-21,23.45,23.65,23.32,23.51,236100,0.0,0
2014-04-22,23.55,23.64,23.37,23.62,272500,0.0,0
2014-04-23,23.62,23.89,23.62,23.69,334100,0.0,0
2014-04-24,23.81,23.94,23.62,23.91,433500,0.0,0
2014-04-25,23.89,24.27,23.8,24.2,892200,0.0,0
2014-04-28,24.26,24.47,24.08,24.35,812600,0.0,0
2014-04-29,24.46,24.6,24.01,24.03,914100,0.0,0
2014-04-30,23.97,24.2,23.82,23.89,490800,0.0,0
2014-05-01,23.98,24.08,23.69,23.97,764300,0.0,0
2014-05-02,23.76,23.88,23.01,23.13,487300,0.0,0
2014-05-05,22.98,23.09,22.81,22.95,420100,0.0,0
2014-05-06,22.94,23.01,22.65,22.69,327700,0.0,0
2014-05-07,22.75,24.71,22.61,24.61,1593100,0.0,0
2014-05-08,24.66,25.22,24.29,24.76,1229600,0.0,0
2014-05-09,24.64,24.9,24.58,24.63,572600,0.0,0
2014-05-12,24.72,24.78,24.06,24.09,629800,0.0,0
2014-05-13,24.08,24.29,23.79,23.82,520900,0.0,0
2014-05-14,23.86,24.08,23.72,23.89,434000,0.0,0
2014-05-15,23.85,23.86,23.57,23.85,542000,0.0,0
2014-05-16,23.79,24.41,23.71,24.4,400500,0.0,0
2014-05-19,24.27,24.37,24.04,24.12,492300,0.0,0
2014-05-20,24.11,24.21,23.92,23.95,630800,0.0,0
2014-05-21,24.06,24.06,23.69,23.77,338800,0.0,0
2014-05-22,23.86,24.02,23.85,23.9,307500,0.0,0
2014-05-23,23.89,24.08,23.76,23.96,275400,0.0,0
2014-05-27,24.16,24.31,24.02,24.07,300600,0.0,0
2014-05-28,24.04,24.36,23.97,24.28,294400,0.0,0
2014-05-29,24.36,24.39,24.22,24.35,207000,0.0,0
2014-05-30,24.39,24.61,24.31,24.57,250700,0.0,0
2014-06-02,24.49,24.8,24.33,24.5,272300,0.0,0
2014-06-03,24.33,24.61,24.26,24.3,621900,0.0,0
2014-06-04,24.2,24.32,24.11,24.26,318500,0.0,0
2014-06-05,24.35,24.92,24.23,24.86,261800,0.0,0
2014-06-06,25.0,25.16,24.87,24.91,187400,0.0,0
2014-06-09,24.89,25.05,24.77,24.9,158700,0.0,0
2014-06-10,24.88,24.99,24.69,24.81,144500,0.0,0
2014-06-11,24.68,24.74,24.35,24.35,154300,0.0,0
2014-06-12,24.22,24.33,23.82,24.26,418000,0.0,0
2014-06-13,24.32,24.6,24.09,24.49,147000,0.0,0
2014-06-16,24.49,25.02,24.49,24.75,270600,0.0,0
2014-06-17,24.72,24.93,24.47,24.55,374000,0.0,0
2014-06-18,24.58,24.9,24.58,24.88,409400,0.0,0
2014-06-19,24.96,25.22,24.95,25.0,311700,0.0,0
2014-06-20,24.84,25.02,24.66,24.84,843500,0.0,0
2014-06-23,24.97,25.02,24.74,24.84,295100,0.0,0
2014-06-24,24.9,25.1,24.79,24.95,406900,0.0,0
2014-06-25,24.85,25.09,24.85,25.04,497200,0.0,0
2014-06-26,25.04,25.05,24.91,25.04,153500,0.0,0
2014-06-27,24.9,25.16,24.9,24.95,790600,0.0,0
2014-06-30,25.04,25.32,24.84,25.32,623400,0.0,0
2014-07-01,25.34,25.84,25.21,25.72,660000,0.0,0
2014-07-02,25.62,25.63,24.97,25.01,364500,0.0,0
2014-07-03,25.11,25.11,24.62,25.05,321800,0.0,0
2014-07-07,25.03,25.21,24.82,24.9,312000,0.0,0
2014-07-08,24.96,25.19,24.96,25.17,334800,0.0,0
2014-07-09,25.28,25.35,24.93,25.05,225700,0.0,0
2014-07-10,24.83,25.23,24.83,25.15,243500,0.0,0
2014-07-11,25.17,25.27,24.91,24.94,196200,0.0,0
2014-07-14,24.59,24.86,24.56,24.72,329600,0.0,0
2014-07-15,24.64,24.77,24.28,24.38,317800,0.0,0
2014-07-16,24.43,24.43,23.96,24.21,533700,0.0,0
2014-07-17,24.06,24.23,23.89,23.9,275900,0.0,0
2014-07-18,23.84,24.3,23.74,24.27,299700,0.0,0
2014-07-21,24.11,24.27,24.01,24.19,180100,0.0,0
2014-07-22,24.25,24.3,23.93,23.94,372900,0.0,0
2014-07-23,23.99,24.0,23.76,23.82,232700,0.0,0
2014-07-24,23.84,23.91,23.66,23.72,195800,0.0,0
2014-07-25,23.63,23.75,23.38,23.39,250600,0.0,0
2014-07-28,23.37,23.51,23.33,23.46,594700,0.0,0
2014-07-29,23.49,23.57,23.07,23.17,1233800,0.0,0
2014-07-30,23.2,23.28,22.69,22.85,664700,0.185,0
2014-07-31,22.69,22.72,22.29,22.3,523200,0.0,0
2014-08-01,22.35,22.55,21.7,21.84,982100,0.0,0
2014-08-04,21.87,21.87,21.24,21.64,1186200,0.0,0
2014-08-05,21.55,21.83,21.37,21.44,716800,0.0,0
2014-08-06,21.37,21.54,21.09,21.1,1374400,0.0,0
2014-08-07,21.15,21.71,21.15,21.5,716300,0.0,0
2014-08-08,21.53,22.01,21.49,22.0,486900,0.0,0
2014-08-11,22.1,22.1,21.73,21.79,292100,0.0,0
2014-08-12,21.78,21.89,21.59,21.66,260000,0.0,0
2014-08-13,21.7,21.91,21.7,21.83,190300,0.0,0
2014-08-14,21.83,22.1,21.65,22.05,228100,0.0,0
2014-08-15,22.22,22.31,22.01,22.22,515200,0.0,0
2014-08-18,22.36,22.42,22.1,22.21,206600,0.0,0
2014-08-19,22.23,22.56,22.18,22.55,254200,0.0,0
2014-08-20,22.45,22.52,22.19,22.44,378200,0.0,0
2014-08-21,22.46,22.61,22.29,22.5,249800,0.0,0
2014-08-22,22.49,22.68,22.33,22.5,281000,0.0,0
2014-08-25,22.65,22.71,22.5,22.57,157600,0.0,0
2014-08-26,22.63,22.73,22.38,22.42,264800,0.0,0
2014-08-27,22.47,22.57,22.38,22.52,239700,0.0,0
2014-08-28,22.52,22.7,22.4,22.64,221900,0.0,0
2014-08-29,22.66,22.82,22.62,22.78,187200,0.0,0
2014-09-02,22.82,22.93,22.61,22.9,630100,0.0,0
2014-09-03,22.93,23.18,22.79,23.04,375500,0.0,0
2014-09-04,23.14,23.17,22.93,23.09,322600,0.0,0
2014-09-05,23.03,23.29,22.98,23.26,138900,0.0,0
2014-09-08,23.27,23.27,23.03,23.16,218300,0.0,0
2014-09-09,23.08,23.19,22.83,23.09,417600,0.0,0
2014-09-10,23.09,23.18,22.76,23.05,431900,0.0,0
2014-09-11,23.01,23.44,22.95,23.41,236400,0.0,0
2014-09-12,23.33,23.34,22.65,22.67,353000,0.0,0
2014-09-15,22.67,22.89,22.35,22.36,480300,0.0,0
2014-09-16,22.35,22.95,22.31,22.9,401500,0.0,0
2014-09-17,22.97,23.05,22.7,22.83,189200,0.0,0
2014-09-18,22.9,22.91,22.54,22.56,219400,0.0,0
2014-09-19,22.54,22.82,22.5,22.54,477900,0.0,0
2014-09-22,22.44,22.44,22.18,22.19,312100,0.0,0
2014-09-23,22.11,22.39,21.85,21.87,749400,0.0,0
2014-09-24,21.85,22.32,21.62,22.17,634800,0.0,0
2014-09-25,22.24,22.43,21.87,21.92,609300,0.0,0
2014-09-26,21.93,22.05,21.63,21.96,442200,0.0,0
2014-09-29,21.66,21.95,21.66,21.92,319700,0.0,0
2014-09-30,21.93,21.96,21.52,21.65,632100,0.0,0
2014-10-01,21.67,22.12,21.57,21.89,1239800,0.0,0
2014-10-02,21.89,22.21,21.8,21.93,321300,0.0,0
2014-10-03,22.14,22.21,21.83,22.16,383100,0.0,0
2014-10-06,22.2,22.33,22.07,22.19,269800,0.0,0
2014-10-07,22.08,22.46,21.98,22.31,334000,0.0,0
2014-10-08,22.26,23.07,22.25,22.9,610600,0.0,0
2014-10-09,22.85,23.01,22.4,22.41,397800,0.0,0
2014-10-10,22.37,22.8,22.37,22.46,576400,0.0,0
2014-10-13,22.44,23.08,22.39,22.87,271500,0.0,0
2014-10-14,23.02,23.59,22.87,23.33,485300,0.0,0
2014-10-15,23.14,23.29,22.48,22.96,524500,0.0,0
2014-10-16,22.62,23.24,22.2,23.06,658400,0.0,0
2014-10-17,23.36,23.36,22.78,23.19,459900,0.0,0
2014-10-20,23.49,23.77,23.31,23.65,778300,0.0,0
2014-10-21,23.83,24.03,23.67,23.98,601700,0.0,0
2014-10-22,24.0,24.28,23.99,24.08,361200,0.0,0
2014-10-23,24.32,24.32,23.99,24.06,501700,0.0,0
2014-10-24,24.16,24.44,24.05,24.31,361900,0.0,0
2014-10-27,24.37,24.56,24.06,24.19,410700,0.0,0
2014-10-28,24.33,24.65,24.2,24.64,738100,0.0,0
2014-10-29,24.65,24.7,24.19,24.53,446800,0.185,0
2014-10-30,24.53,25.15,24.53,25.1,547900,0.0,0
2014-10-31,25.64,25.66,25.13,25.24,596300,0.0,0
2014-11-03,25.42,25.77,25.21,25.56,542000,0.0,0
2014-11-04,25.6,25.92,25.36,25.43,429400,0.0,0
2014-11-05,25.62,25.77,25.43,25.77,323200,0.0,0
2014-11-06,25.72,25.78,25.22,25.32,310900,0.0,0
2014-11-07,25.33,25.57,25.23,25.57,339900,0.0,0
2014-11-10,25.65,25.82,25.45,25.66,270100,0.0,0
2014-11-11,25.64,25.78,25.53,25.57,207300,0.0,0
2014-11-12,25.48,25.48,24.99,25.15,346700,0.0,0
2014-11-13,25.15,25.36,24.85,24.88,213700,0.0,0
2014-11-14,24.86,25.13,24.81,24.87,377600,0.0,0
2014-11-17,24.8,25.13,24.68,25.01,238300,0.0,0
2014-11-18,25.01,25.37,24.92,25.15,367100,0.0,0
2014-11-19,25.1,25.21,24.8,24.99,292300,0.0,0
2014-11-20,24.88,25.04,24.79,24.92,198200,0.0,0
2014-11-21,25.22,25.22,24.66,25.06,325800,0.0,0
2014-11-24,25.04,25.17,24.97,25.04,283900,0.0,0
2014-11-25,25.02,25.08,24.86,25.06,433000,0.0,0
2014-11-26,25.09,25.34,25.04,25.27,268800,0.0,0
2014-11-28,25.3,25.8,25.3,25.34,225100,0.0,0
2014-12-01,25.27,25.63,25.08,25.41,391700,0.0,0
2014-12-02,25.42,25.78,25.22,25.77,393600,0.0,0
2014-12-03,25.75,25.99,25.67,25.94,373600,0.0,0
2014-12-04,25.96,26.06,25.62,25.73,293000,0.0,0
2014-12-05,25.59,25.84,25.44,25.69,301900,0.0,0
2014-12-08,25.69,25.95,25.48,25.65,366600,0.0,0
2014-12-09,25.46,25.87,25.42,25.85,702700,0.0,0
2014-12-10,25.88,26.25,25.63,25.71,604200,0.0,0
2014-12-11,25.88,26.23,25.43,25.46,910000,0.0,0
2014-12-12,25.3,25.61,25.0,25.01,985500,0.0,0
2014-12-15,25.06,25.12,24.16,24.18,1092700,0.0,0
2014-12-16,24.3,24.78,23.98,24.37,956000,0.0,0
2014-12-17,24.48,25.15,24.33,25.13,666700,0.0,0
2014-12-18,25.32,25.9,25.15,25.88,549300,0.0,0
2014-12-19,25.9,26.0,25.21,25.55,1173700,0.0,0
2014-12-22,25.6,25.76,25.47,25.73,298800,0.0,0
2014-12-23,25.82,26.2,25.68,26.0,342200,0.0,0
2014-12-24,26.01,26.56,26.01,26.48,201700,0.0,0
2014-12-26,26.61,27.04,26.61,26.8,248500,0.0,0
2014-12-29,26.82,27.65,26.82,27.46,490300,0.0,0
2014-12-30,27.33,27.34,26.59,26.63,451800,0.0,0
2014-12-31,26.66,26.72,25.92,25.92,422500,0.0,0
2015-01-02,26.04,26.18,25.76,25.98,487400,0.0,0
2015-01-05,25.92,26.06,25.74,25.91,539700,0.0,0
2015-01-06,25.99,26.44,25.79,25.79,436700,0.0,0
2015-01-07,25.92,26.56,25.64,26.55,549500,0.0,0
2015-01-08,26.7,26.94,26.59,26.64,813900,0.0,0
2015-01-09,26.79,26.79,25.94,25.97,628900,0.0,0
2015-01-12,26.05,26.1,25.66,25.96,517900,0.0,0
2015-01-13,26.18,26.62,25.82,26.06,424600,0.0,0
2015-01-14,25.85,26.34,25.81,26.29,291600,0.0,0
2015-01-15,26.4,26.48,26.05,26.12,617200,0.0,0
2015-01-16,26.04,26.74,26.03,26.71,498500,0.0,0
2015-01-20,26.87,27.04,26.53,26.76,507400,0.0,0
2015-01-21,26.66,26.73,26.42,26.69,691400,0.0,0
2015-01-22,26.88,26.93,26.52,26.92,429000,0.0,0
2015-01-23,26.55,26.9,26.49,26.8,705700,0.0,0
2015-01-26,26.79,26.91,26.37,26.78,508300,0.2,0
2015-01-27,26.61,27.12,26.55,26.98,674600,0.0,0
2015-01-28,27.11,27.3,26.78,26.83,728800,0.0,0
2015-01-29,26.88,27.46,26.72,27.45,532000,0.0,0
2015-01-30,27.31,27.42,26.81,26.86,711600,0.0,0
2015-02-02,26.87,27.03,26.45,26.91,578100,0.0,0
2015-02-03,26.87,27.21,26.74,27.17,496700,0.0,0
2015-02-04,27.03,27.18,26.68,26.71,362400,0.0,0
2015-02-05,26.82,27.07,26.65,27.0,217100,0.0,0
2015-02-06,26.93,26.93,25.52,25.73,484700,0.0,0
2015-02-09,25.64,25.98,25.15,25.26,471700,0.0,0
2015-02-10,25.3,26.09,25.16,26.01,543600,0.0,0
2015-02-11,25.91,25.96,25.2,25.36,345000,0.0,0
2015-02-12,25.43,25.54,25.2,25.24,271700,0.0,0
2015-02-13,25.19,25.19,24.59,24.8,447700,0.0,0
2015-02-17,24.75,24.88,24.34,24.54,454600,0.0,0
2015-02-18,24.46,25.08,24.46,25.03,574500,0.0,0
2015-02-19,25.0,25.15,24.81,25.01,445300,0.0,0
2015-02-20,24.91,25.11,24.57,25.03,334200,0.0,0
2015-02-23,25.03,25.51,24.99,25.5,467300,0.0,0
2015-02-24,25.43,25.76,25.37,25.44,376700,0.0,0
2015-02-25,25.48,25.67,24.92,25.06,298900,0.0,0
2015-02-26,25.05,25.08,24.81,24.94,350700,0.0,0
2015-02-27,24.48,25.5,24.48,25.14,894900,0.0,0
2015-03-02,24.98,25.19,24.32,24.61,540900,0.0,0
2015-03-03,24.59,24.87,24.24,24.77,690500,0.0,0
2015-03-04,24.61,24.82,24.27,24.53,424200,0.0,0
2015-03-05,24.7,24.98,24.35,24.92,594100,0.0,0
2015-03-06,24.53,24.53,23.83,24.08,534400,0.0,0
2015-03-09,24.04,24.42,24.01,24.2,504000,0.0,0
2015-03-10,24.02,24.43,23.89,24.14,435700,0.0,0
2015-03-11,24.12,24.28,23.88,24.1,328400,0.0,0
2015-03-12,24.29,24.83,24.29,24.76,384700,0.0,0
2015-03-13,24.67,24.77,24.02,24.34,316900,0.0,0
2015-03-16,24.5,25.06,24.5,24.82,269400,0.0,0
2015-03-17,24.79,24.99,24.62,24.76,267400,0.0,0
2015-03-18,24.68,25.62,24.54,25.51,401800,0.0,0
2015-03-19,25.39,25.75,25.11,25.16,569300,0.0,0
2015-03-20,25.33,25.44,25.1,25.3,1148200,0.0,0
2015-03-23,25.34,25.56,25.2,25.28,527500,0.0,0
2015-03-24,25.29,25.42,24.98,25.15,608600,0.0,0
2015-03-25,25.63,25.71,25.04,25.06,829300,0.0,0
2015-03-26,25.06,25.26,24.62,24.64,563700,0.0,0
2015-03-27,24.74,24.92,24.55,24.7,474800,0.0,0
2015-03-30,24.83,25.14,24.7,25.07,498900,0.0,0
2015-03-31,25.34,25.8,25.13,25.72,1165500,0.0,0
2015-04-01,25.72,25.89,25.5,25.89,482400,0.0,0
2015-04-02,25.9,26.13,25.75,25.87,728100,0.0,0
2015-04-06,25.93,26.23,25.79,26.09,732100,0.0,0
2015-04-07,26.02,26.08,25.59,25.61,664300,0.0,0
2015-04-08,25.67,25.67,25.15,25.41,539900,0.2,0
2015-04-09,25.33,25.33,24.84,24.94,942400,0.0,0
2015-04-10,25.09,25.39,24.95,25.35,544500,0.0,0
2015-04-13,25.22,25.24,24.73,24.73,444800,0.0,0
2015-04-14,24.85,24.95,24.63,24.91,449000,0.0,0
2015-04-15,24.98,25.3,24.7,24.7,787300,0.0,0
2015-04-16,24.68,24.68,24.19,24.47,631000,0.0,0
2015-04-17,24.27,24.69,24.27,24.5,688800,0.0,0
2015-04-20,24.5,25.02,24.5,24.68,699400,0.0,0
2015-04-21,24.76,24.9,24.25,24.34,683300,0.0,0
2015-04-22,24.41,24.82,24.24,24.73,1419700,0.0,0
2015-04-23,24.66,25.03,24.55,25.02,903600,0.0,0
2015-04-24,25.06,25.52,24.96,25.34,932000,0.0,0
2015-04-27,25.39,25.49,24.78,24.91,522500,0.0,0
2015-04-28,24.88,25.37,24.71,25.26,515600,0.0,0
2015-04-29,25.04,25.12,24.77,25.02,414900,0.0,0
2015-04-30,24.92,24.98,24.41,24.63,639500,0.0,0
2015-05-01,24.59,24.98,24.47,24.55,762600,0.0,0
2015-05-04,24.49,24.99,24.4,24.78,641100,0.0,0
2015-05-05,24.69,24.71,23.91,23.93,793200,0.0,0
2015-05-06,24.03,24.16,23.52,23.71,661100,0.0,0
2015-05-07,23.76,23.93,23.61,23.7,468900,0.0,0
2015-05-08,23.94,24.01,23.6,23.8,541200,0.0,0
2015-05-11,23.73,24.07,23.71,23.85,705500,0.0,0
2015-05-12,23.69,23.94,23.49,23.89,701600,0.0,0
2015-05-13,23.93,24.1,23.37,23.47,758600,0.0,0
2015-05-14,23.15,23.5,22.79,23.03,1558300,0.0,0
2015-05-15,22.99,23.28,22.83,23.26,1466600,0.0,0
2015-05-18,23.19,23.87,23.19,23.85,912700,0.0,0
2015-05-19,23.78,24.03,23.67,23.97,677300,0.0,0
2015-05-20,24.0,24.22,23.89,24.15,613300,0.0,0
2015-05-21,24.17,24.27,23.92,23.96,303300,0.0,0
2015-05-22,23.91,24.0,23.73,23.77,348000,0.0,0
2015-05-26,23.69,23.74,23.3,23.49,438100,0.0,0
2015-05-27,23.79,23.94,23.47,23.56,1334900,0.0,0
2015-05-28,23.54,23.74,23.4,23.72,478800,0.0,0
2015-05-29,23.72,23.84,23.47,23.58,557200,0.0,0
2015-06-01,23.64,23.74,23.44,23.46,523600,0.0,0
2015-06-02,23.25,23.43,22.89,22.96,690600,0.0,0
2015-06-03,22.98,23.1,22.68,22.72,1011500,0.0,0
2015-06-04,22.76,22.91,22.56,22.83,906700,0.0,0
2015-06-05,22.59,22.68,22.24,22.45,815200,0.0,0
2015-06-08,22.38,22.42,22.12,22.36,722700,0.0,0
2015-06-09,22.37,22.41,22.05,22.06,682500,0.0,0
2015-06-10,22.23,22.36,22.07,22.12,586900,0.0,0
2015-06-11,22.25,22.33,22.13,22.25,502100,0.0,0
2015-06-12,22.19,22.23,21.96,22.01,364500,0.0,0
2015-06-15,21.9,22.1,21.72,22.0,691300,0.0,0
2015-06-16,21.94,22.32,21.77,22.24,717000,0.0,0
2015-06-17,22.3,22.48,22.18,22.35,503700,0.0,0
2015-06-18,22.42,22.86,22.42,22.76,715000,0.0,0
2015-06-19,22.77,22.8,22.54,22.56,640000,0.0,0
2015-06-22,22.7,22.82,22.44,22.53,488800,0.0,0
2015-06-23,22.47,22.5,22.2,22.37,540100,0.0,0
2015-06-24,22.38,22.52,22.23,22.32,556000,0.0,0
2015-06-25,22.36,22.36,21.91,21.94,522500,0.0,0
2015-06-26,21.92,22.23,21.84,22.17,853900,0.0,0
2015-06-29,22.18,22.41,21.87,21.88,636100,0.0,0
2015-06-30,21.99,22.04,21.72,21.81,587700,0.0,0
2015-07-01,21.84,21.98,21.65,21.94,699000,0.0,0
2015-07-02,22.27,22.48,22.13,22.36,320400,0.0,0
2015-07-06,22.3,22.56,22.16,22.53,509400,0.0,0
2015-07-07,22.67,23.03,22.67,22.98,759700,0.0,0
2015-07-08,22.83,23.03,22.7,22.78,620600,0.0,0
2015-07-09,22.84,22.94,22.34,22.39,502100,0.0,0
2015-07-10,22.42,22.78,22.32,22.59,465100,0.0,0
2015-07-13,22.7,22.93,22.62,22.83,584700,0.0,0
2015-07-14,22.86,22.95,22.64,22.89,606800,0.0,0
2015-07-15,22.86,22.95,22.65,22.8,427200,0.0,0
2015-07-16,22.84,23.42,22.84,23.27,628500,0.0,0
2015-07-17,23.2,23.38,23.06,23.07,670700,0.0,0
2015-07-20,23.06,23.06,22.73,22.9,370200,0.0,0
2015-07-21,22.86,22.88,22.34,22.44,368100,0.0,0
2015-07-22,22.38,22.71,22.36,22.53,332000,0.0,0
2015-07-23,22.47,22.47,22.05,22.34,443900,0.0,0
2015-07-24,22.26,22.59,22.23,22.36,704000,0.0,0
2015-07-27,22.32,22.91,22.32,22.79,620300,0.0,0
2015-07-28,22.81,22.92,22.6,22.88,478000,0.0,0
2015-07-29,22.77,23.09,22.65,23.06,403600,0.0,0
2015-07-30,23.02,23.46,22.83,23.31,624900,0.2,0
2015-07-31,23.64,24.31,22.69,23.57,789000,0.0,0
2015-08-03,23.72,23.91,23.43,23.73,566700,0.0,0
2015-08-04,23.65,23.69,23.2,23.3,403600,0.0,0
2015-08-05,23.37,23.57,23.29,23.41,435300,0.0,0
2015-08-06,23.43,23.68,23.28,23.65,502300,0.0,0
2015-08-07,23.57,24.13,23.44,23.99,390700,0.0,0
2015-08-10,23.98,24.16,23.82,23.91,438600,0.0,0
2015-08-11,23.85,24.2,23.75,24.11,340700,0.0,0
2015-08-12,24.0,24.49,24.0,24.49,464400,0.0,0
2015-08-13,24.38,24.61,24.14,24.5,536000,0.0,0
2015-08-14,24.49,24.9,24.36,24.8,700000,0.0,0
2015-08-17,24.83,25.17,24.66,25.09,751500,0.0,0
2015-08-18,24.96,25.0,24.66,24.76,456200,0.0,0
2015-08-19,24.66,24.97,24.49,24.8,403400,0.0,0
2015-08-20,24.63,24.96,24.5,24.63,377900,0.0,0
2015-08-21,24.25,24.66,24.11,24.28,579800,0.0,0
2015-08-24,23.5,24.11,23.1,23.13,955900,0.0,0
2015-08-25,23.71,23.71,22.47,22.56,913500,0.0,0
2015-08-26,22.95,23.0,22.39,22.9,584700,0.0,0
2015-08-27,23.0,23.23,22.77,23.2,517900,0.0,0
2015-08-28,23.22,23.33,22.96,23.21,683000,0.0,0
2015-08-31,23.09,23.1,22.51,22.89,733200,0.0,0
2015-09-01,22.58,22.72,22.18,22.31,731100,0.0,0
2015-09-02,22.48,22.48,22.2,22.33,830700,0.0,0
2015-09-03,22.42,22.56,22.36,22.51,417900,0.0,0
2015-09-04,22.25,22.31,22.03,22.16,464900,0.0,0
2015-09-08,22.4,22.74,22.31,22.67,607500,0.0,0
2015-09-09,22.73,22.85,22.46,22.48,557100,0.0,0
2015-09-10,22.47,22.69,22.27,22.32,461100,0.0,0
2015-09-11,22.21,22.71,22.21,22.71,361600,0.0,0
2015-09-14,22.79,22.94,22.67,22.84,416700,0.0,0
2015-09-15,22.89,22.94,22.64,22.84,389000,0.0,0
2015-09-16,22.83,23.06,22.73,22.98,615000,0.0,0
2015-09-17,22.98,23.57,22.83,23.34,601400,0.0,0
2015-09-18,23.08,23.52,23.08,23.26,743900,0.0,0
2015-09-21,23.38,23.57,23.31,23.42,322600,0.0,0
2015-09-22,23.34,23.53,23.17,23.23,460000,0.0,0
2015-09-23,23.27,23.55,23.16,23.46,321600,0.0,0
2015-09-24,23.34,23.89,23.34,23.88,641800,0.0,0
2015-09-25,23.9,24.44,23.72,24.06,813700,0.0,0
2015-09-28,24.11,24.53,24.07,24.34,1303500,0.0,0
2015-09-29,24.41,24.82,24.4,24.71,1351500,0.0,0
2015-09-30,24.83,25.12,24.67,25.07,945100,0.0,0
2015-10-01,25.08,25.15,24.42,24.55,871400,0.0,0
2015-10-02,24.67,24.79,24.41,24.78,523600,0.0,0
2015-10-05,24.94,25.14,24.64,25.12,606600,0.0,0
2015-10-06,25.08,25.08,24.74,24.78,469300,0.0,0
2015-10-07,24.8,24.93,24.7,24.84,590000,0.0,0
2015-10-08,24.76,25.14,24.74,25.07,720000,0.0,0
2015-10-09,25.09,25.25,24.88,24.94,573800,0.0,0
2015-10-12,25.0,25.29,24.95,25.17,1056900,0.0,0
2015-10-13,25.17,25.35,25.15,25.23,484700,0.0,0
2015-10-14,25.27,25.47,25.1,25.15,339100,0.0,0
2015-10-15,25.25,25.38,25.01,25.33,859400,0.0,0
2015-10-16,25.48,25.5,25.16,25.2,970100,0.0,0
2015-10-19,25.17,25.44,25.1,25.44,509300,0.0,0
2015-10-20,25.37,25.72,25.3,25.5,492400,0.0,0
2015-10-21,25.71,25.97,25.42,25.44,548300,0.0,0
2015-10-22,25.5,25.75,25.47,25.7,294800,0.0,0
2015-10-23,25.63,25.68,25.14,25.2,332500,0.0,0
2015-10-26,25.23,25.67,24.93,25.62,795600,0.0,0
2015-10-27,25.59,25.92,25.44,25.68,984400,0.0,0
2015-10-28,25.63,25.92,24.98,25.38,784000,0.0,0
2015-10-29,25.23,25.42,24.71,24.86,646200,0.2,0
2015-10-30,25.68,25.68,24.87,25.31,859400,0.0,0
2015-11-02,25.39,25.53,25.03,25.16,737100,0.0,0
2015-11-03,25.13,25.35,24.93,25.28,690100,0.0,0
2015-11-04,25.3,25.65,25.3,25.53,537200,0.0,0
2015-11-05,25.48,25.65,25.34,25.35,341600,0.0,0
2015-11-06,24.91,24.91,23.98,24.2,860800,0.0,0
2015-11-09,24.07,24.66,23.9,24.59,765400,0.0,0
2015-11-10,24.65,25.23,24.65,25.22,593800,0.0,0
2015-11-11,25.38,25.73,25.24,25.6,477200,0.0,0
2015-11-12,25.37,25.84,25.07,25.07,679400,0.0,0
2015-11-13,25.09,25.45,24.91,24.98,655800,0.0,0
2015-11-16,24.97,25.34,24.87,25.33,546000,0.0,0
2015-11-17,25.24,25.45,25.02,25.13,898900,0.0,0
2015-11-18,25.1,25.59,24.88,25.55,704600,0.0,0
2015-11-19,25.57,25.88,25.46,25.84,508400,0.0,0
2015-11-20,26.0,26.19,25.96,26.05,498200,0.0,0
2015-11-23,26.0,26.15,25.78,25.83,526700,0.0,0
2015-11-24,25.69,25.86,25.52,25.78,485200,0.0,0
2015-11-25,25.76,25.76,25.57,25.73,387000,0.0,0
2015-11-27,25.76,25.92,25.69,25.8,173700,0.0,0
2015-11-30,26.14,26.35,26.05,26.1,863200,0.0,0
2015-12-01,26.14,26.41,26.1,26.4,510000,0.0,0
2015-12-02,26.29,26.3,25.87,25.96,690300,0.0,0
2015-12-03,25.89,25.9,25.53,25.6,532600,0.0,0
2015-12-04,25.67,26.09,25.59,26.06,532700,0.0,0
2015-12-07,26.07,26.15,25.9,26.14,538400,0.0,0
2015-12-08,25.7,26.23,25.7,26.07,335500,0.0,0
2015-12-09,25.94,26.23,25.76,25.8,414000,0.0,0
2015-12-10,25.8,25.8,25.3,25.48,549200,0.0,0
2015-12-11,25.18,25.77,25.11,25.62,539500,0.0,0
2015-12-14,25.67,26.0,25.54,25.63,776100,0.0,0
2015-12-15,25.66,26.14,25.61,26.05,744400,0.0,0
2015-12-16,26.14,26.67,26.14,26.6,557900,0.0,0
2015-12-17,26.59,26.81,26.47,26.68,700000,0.0,0
2015-12-18,26.54,26.76,26.05,26.59,1423800,0.0,0
2015-12-21,26.72,26.85,26.47,26.74,879900,0.0,0
2015-12-22,26.8,27.09,26.47,26.95,540200,0.0,0
2015-12-23,27.04,27.61,27.0,27.52,499200,0.0,0
2015-12-24,27.67,27.8,27.42,27.6,207100,0.0,0
2015-12-28,27.54,27.82,27.47,27.77,492500,0.0,0
2015-12-29,27.9,28.11,27.85,28.01,449100,0.0,0
2015-12-30,28.0,28.1,27.86,27.98,488300,0.0,0
2015-12-31,27.97,27.97,27.33,27.51,587800,0.0,0
2016-01-04,27.56,27.56,26.99,27.15,965500,0.0,0
2016-01-05,27.15,27.54,26.78,27.51,577700,0.0,0
2016-01-06,27.35,27.67,27.22,27.62,520200,0.0,0
2016-01-07,27.31,27.73,27.28,27.67,803800,0.0,0
2016-01-08,27.72,28.03,27.64,27.71,926300,0.0,0
2016-01-11,27.77,27.98,27.61,27.84,619300,0.0,0
2016-01-12,27.94,27.94,27.04,27.39,840800,0.0,0
2016-01-13,27.39,27.57,26.93,27.04,847100,0.0,0
2016-01-14,27.05,27.76,26.89,27.59,866500,0.0,0
2016-01-15,27.2,27.49,26.73,27.18,750000,0.0,0
2016-01-19,27.28,27.73,27.22,27.49,819800,0.0,0
2016-01-20,27.4,27.58,26.39,27.08,973300,0.0,0
2016-01-21,27.09,27.22,26.49,26.61,872800,0.22,0
2016-01-22,26.68,27.33,26.55,27.31,580100,0.0,0
2016-01-25,27.3,27.38,26.84,26.87,440500,0.0,0
2016-01-26,27.02,27.52,27.01,27.24,377400,0.0,0
2016-01-27,27.12,27.6,27.04,27.33,425100,0.0,0
2016-01-28,27.38,28.02,27.26,27.91,457400,0.0,0
2016-01-29,28.11,28.48,28.07,28.48,813600,0.0,0
2016-02-01,28.44,29.0,28.32,28.61,1079000,0.0,0
2016-02-02,28.6,28.97,28.47,28.82,709900,0.0,0
2016-02-03,28.94,29.29,28.75,28.98,884800,0.0,0
2016-02-04,28.93,29.04,28.41,28.82,860100,0.0,0
2016-02-05,28.67,29.42,28.35,29.14,993300,0.0,0
2016-02-08,29.12,29.46,28.89,29.22,998600,0.0,0
2016-02-09,29.09,29.47,28.93,29.28,1673700,0.0,0
2016-02-10,29.15,29.35,28.38,29.16,1049400,0.0,0
2016-02-11,29.17,29.21,28.64,28.93,725300,0.0,0
2016-02-12,28.83,29.17,28.49,28.75,710200,0.0,0
2016-02-16,28.88,28.99,28.67,28.88,433700,0.0,0
2016-02-17,28.92,28.94,28.48,28.6,984100,0.0,0
2016-02-18,28.67,29.41,28.53,29.34,668600,0.0,0
2016-02-19,29.29,29.49,29.1,29.23,567000,0.0,0
2016-02-22,29.23,29.61,29.11,29.58,459800,0.0,0
2016-02-23,29.44,29.78,29.28,29.63,362000,0.0,0
2016-02-24,29.58,29.96,29.58,29.85,557400,0.0,0
2016-02-25,29.81,30.23,29.77,30.15,370700,0.0,0
2016-02-26,29.55,29.86,28.73,28.85,587700,0.0,0
2016-02-29,29.29,29.33,28.76,28.94,682800,0.0,0
2016-03-01,29.09,29.26,28.8,29.07,610400,0.0,0
2016-03-02,28.93,29.1,28.38,29.08,566600,0.0,0
2016-03-03,29.1,29.42,28.78,29.4,733500,0.0,0
2016-03-04,29.2,29.9,29.09,29.82,632500,0.0,0
2016-03-07,29.72,30.09,29.63,29.93,457900,0.0,0
2016-03-08,29.97,30.41,29.83,30.2,882300,0.0,0
2016-03-09,30.18,30.53,30.06,30.34,665100,0.0,0
2016-03-10,30.34,30.52,29.64,30.19,581700,0.0,0
2016-03-11,30.31,30.43,30.02,30.11,422800,0.0,0
2016-03-14,30.13,30.24,29.91,30.14,630300,0.0,0
2016-03-15,30.02,30.4,29.97,30.25,676200,0.0,0
2016-03-16,30.24,30.53,29.82,30.35,489600,0.0,0
2016-03-17,30.4,30.65,30.24,30.6,580500,0.0,0
2016-03-18,30.6,30.6,30.18,30.35,1088700,0.0,0
2016-03-21,30.34,30.38,29.93,30.24,453200,0.0,0
2016-03-22,30.24,30.38,29.95,30.03,684100,0.0,0
2016-03-23,30.03,30.37,29.82,30.15,380500,0.0,0
2016-03-24,29.79,30.28,29.79,30.19,698600,0.0,0
2016-03-28,30.22,30.4,30.0,30.18,550700,0.0,0
2016-03-29,30.17,30.71,30.12,30.7,512200,0.0,0
2016-03-30,30.78,30.89,30.45,30.56,307600,0.0,0
2016-03-31,30.61,30.71,30.43,30.57,444300,0.0,0
2016-04-01,30.43,30.76,30.24,30.62,377500,0.0,0
2016-04-04,30.7,30.73,30.25,30.43,424800,0.0,0
2016-04-05,30.34,30.43,29.62,29.63,570500,0.0,0
2016-04-06,29.57,29.68,29.4,29.57,397600,0.22,0
2016-04-07,29.47,29.82,29.42,29.62,658500,0.0,0
2016-04-08,29.77,30.09,29.73,29.93,660200,0.0,0
2016-04-11,29.94,30.14,29.62,29.68,354300,0.0,0
2016-04-12,29.66,29.93,29.61,29.77,384100,0.0,0
2016-04-13,29.87,29.92,29.29,29.53,495300,0.0,0
2016-04-14,29.47,29.66,29.3,29.49,533800,0.0,0
2016-04-15,29.51,29.76,29.36,29.69,393500,0.0,0
2016-04-18,29.56,29.84,29.19,29.82,317900,0.0,0
2016-04-19,29.82,29.9,29.43,29.65,395700,0.0,0
2016-04-20,29.66,29.66,28.92,28.97,512100,0.0,0
2016-04-21,28.85,28.85,27.95,27.96,761400,0.0,0
2016-04-22,28.05,28.21,27.99,28.16,606500,0.0,0
2016-04-25,28.07,28.27,28.03,28.26,443100,0.0,0
2016-04-26,28.24,28.44,28.12,28.21,461400,0.0,0
2016-04-27,28.28,28.77,28.17,28.65,497200,0.0,0
2016-04-28,28.39,28.72,28.21,28.62,634000,0.0,0
2016-04-29,28.29,28.95,28.2,28.92,807400,0.0,0
2016-05-02,28.96,29.67,28.83,29.46,824300,0.0,0
2016-05-03,29.49,29.65,29.35,29.57,538800,0.0,0
2016-05-04,29.46,30.22,29.45,30.01,666700,0.0,0
2016-05-05,29.98,30.36,29.68,29.82,514300,0.0,0
2016-05-06,29.74,29.91,29.31,29.81,587800,0.0,0
2016-05-09,29.84,30.12,29.72,29.99,414200,0.0,0
2016-05-10,30.15,30.2,29.92,30.04,335600,0.0,0
2016-05-11,30.1,30.28,29.9,30.18,464100,0.0,0
2016-05-12,30.1,30.57,30.01,30.37,500500,0.0,0
2016-05-13,30.31,30.42,30.0,30.13,447600,0.0,0
2016-05-16,30.07,30.21,29.85,30.07,405100,0.0,0
2016-05-17,29.9,30.01,29.1,29.26,541700,0.0,0
2016-05-18,29.1,29.52,28.61,28.72,646600,0.0,0
2016-05-19,28.55,29.2,28.48,29.14,517000,0.0,0
2016-05-20,29.21,29.21,28.86,29.12,678900,0.0,0
2016-05-23,29.14,29.18,28.82,28.82,392000,0.0,0
2016-05-24,28.83,30.23,28.83,29.43,583100,0.0,0
2016-05-25,29.23,29.41,28.99,29.09,360200,0.0,0
2016-05-26,29.06,29.48,29.05,29.44,254200,0.0,0
2016-05-27,29.45,29.64,29.41,29.6,262000,0.0,0
2016-05-31,29.61,30.02,29.42,29.97,630000,0.0,0
2016-06-01,29.97,30.22,29.94,30.12,334700,0.0,0
2016-06-02,30.01,30.34,29.93,30.34,546100,0.0,0
2016-06-03,30.66,31.0,30.63,30.9,396600,0.0,0
2016-06-06,30.89,31.05,30.72,30.9,375600,0.0,0
2016-06-07,30.89,31.02,30.81,30.84,276700,0.0,0
2016-06-08,30.82,31.31,30.72,31.28,771100,0.0,0
2016-06-09,31.23,31.63,31.23,31.55,314200,0.0,0
2016-06-10,31.54,31.78,31.41,31.44,564500,0.0,0
2016-06-13,31.45,31.8,31.24,31.3,428500,0.0,0
2016-06-14,31.3,31.48,31.1,31.43,424900,0.0,0
2016-06-15,31.45,31.47,30.94,31.02,479800,0.0,0
2016-06-16,30.99,31.18,30.85,30.95,852800,0.0,0
2016-06-17,30.81,30.88,30.51,30.73,1608300,0.0,0
2016-06-20,30.81,30.92,30.41,30.69,493800,0.0,0
2016-06-21,30.73,30.92,30.47,30.76,400100,0.0,0
2016-06-22,30.76,30.82,30.44,30.45,380500,0.0,0
2016-06-23,30.6,30.7,30.45,30.7,545500,0.0,0
2016-06-24,30.29,31.03,30.29,30.79,822400,0.0,0
2016-06-27,30.77,31.32,30.64,31.2,541800,0.0,0
2016-06-28,31.26,31.4,30.83,31.23,634300,0.0,0
2016-06-29,31.44,31.57,31.29,31.41,441800,0.0,0
2016-06-30,31.49,32.37,31.43,32.35,793900,0.0,0
2016-07-01,32.49,32.62,31.82,32.17,506600,0.0,0
2016-07-05,32.26,32.78,32.13,32.77,750700,0.0,0
2016-07-06,32.79,33.0,32.51,32.9,668000,0.0,0
2016-07-07,32.88,32.88,32.09,32.1,613000,0.0,0
2016-07-08,31.99,32.23,31.76,32.2,667300,0.0,0
2016-07-11,32.1,32.1,31.64,32.04,845200,0.0,0
2016-07-12,31.82,31.97,31.5,31.52,834300,0.0,0
2016-07-13,31.8,31.88,31.65,31.67,611500,0.0,0
2016-07-14,31.43,31.68,31.12,31.15,630500,0.0,0
2016-07-15,31.23,31.43,31.15,31.27,611800,0.0,0
2016-07-18,31.27,31.4,31.06,31.1,430300,0.0,0
2016-07-19,31.17,31.18,31.02,31.13,338000,0.0,0
2016-07-20,31.1,31.18,30.82,30.83,301700,0.0,0
2016-07-21,30.83,31.05,30.68,31.03,426600,0.0,0
2016-07-22,30.96,31.49,30.96,31.4,276000,0.0,0
2016-07-25,31.38,31.45,31.12,31.37,308300,0.0,0
2016-07-26,31.44,31.52,31.11,31.33,484200,0.0,0
2016-07-27,31.18,31.3,30.71,30.92,608700,0.0,0
2016-07-28,30.9,31.11,30.88,31.03,436700,0.0,0
2016-07-29,31.02,31.44,30.96,31.36,564900,0.0,0
2016-08-01,31.24,31.5,31.14,31.46,390700,0.0,0
2016-08-02,31.33,31.37,30.95,31.12,369100,0.0,0
2016-08-03,31.09,31.11,30.56,30.75,499100,0.0,0
2016-08-04,30.81,30.98,30.7,30.74,439300,0.22,0
2016-08-05,30.49,30.65,29.92,29.98,759100,0.0,0
2016-08-08,29.36,30.48,29.36,30.22,1119000,0.0,0
2016-08-09,30.14,30.75,30.14,30.48,781000,0.0,0
2016-08-10,30.58,30.7,30.44,30.69,444600,0.0,0
2016-08-11,30.67,30.81,30.53,30.73,509100,0.0,0
2016-08-12,30.93,31.08,30.87,30.92,337100,0.0,0
2016-08-15,30.91,30.95,30.1,30.1,708600,0.0,0
2016-08-16,30.02,30.02,29.4,29.54,690100,0.0,0
2016-08-17,29.44,30.0,29.08,29.98,679200,0.0,0
2016-08-18,29.91,30.67,29.88,30.66,553500,0.0,0
2016-08-19,30.59,30.63,30.12,30.31,544700,0.0,0
2016-08-22,30.37,30.64,30.3,30.56,236800,0.0,0
2016-08-23,30.68,30.79,30.41,30.42,377000,0.0,0
2016-08-24,30.4,30.41,30.11,30.25,695000,0.0,0
2016-08-25,30.34,30.44,30.03,30.16,681300,0.0,0
2016-08-26,30.19,30.38,29.2,29.3,600400,0.0,0
2016-08-29,29.35,29.62,29.28,29.59,434900,0.0,0
2016-08-30,29.51,29.68,29.08,29.12,277800,0.0,0
2016-08-31,29.14,29.23,29.0,29.21,344300,0.0,0
2016-09-01,29.17,29.29,28.91,29.0,379600,0.0,0
2016-09-02,29.01,29.52,29.01,29.49,427400,0.0,0
2016-09-06,29.63,29.88,29.56,29.79,339300,0.0,0
2016-09-07,29.76,30.14,29.59,29.91,488100,0.0,0
2016-09-08,29.83,30.08,29.82,30.06,239500,0.0,0
2016-09-09,29.75,29.78,28.92,28.93,545500,0.0,0
2016-09-12,28.78,29.35,28.77,29.33,466700,0.0,0
2016-09-13,29.24,29.26,28.73,28.96,548900,0.0,0
2016-09-14,29.13,29.3,28.68,28.77,418300,0.0,0
2016-09-15,28.77,29.35,28.67,29.33,543200,0.0,0
2016-09-16,29.3,29.82,29.0,29.8,813800,0.0,0
2016-09-19,29.87,30.33,29.85,30.33,412600,0.0,0
2016-09-20,30.82,31.14,30.59,30.78,719800,0.0,0
2016-09-21,30.82,31.46,30.74,31.43,421200,0.0,0
2016-09-22,31.61,31.96,31.44,31.89,585000,0.0,0
2016-09-23,31.75,32.06,31.62,31.71,452400,0.0,0
2016-09-26,31.71,32.0,31.54,31.75,294700,0.0,0
2016-09-27,31.84,32.07,31.18,31.22,376800,0.0,0
2016-09-28,31.33,31.37,30.82,30.95,589800,0.0,0
2016-09-29,30.83,30.9,30.2,30.54,666800,0.0,0
2016-09-30,30.27,30.7,29.86,30.06,822900,0.0,0
2016-10-03,29.91,29.95,29.37,29.66,653400,0.0,0
2016-10-04,30.21,30.21,28.74,29.03,626800,0.0,0
2016-10-05,29.08,29.35,28.89,28.89,555600,0.0,0
2016-10-06,28.66,28.94,28.46,28.88,520500,0.0,0
2016-10-07,29.1,29.32,28.62,28.63,551300,0.0,0
2016-10-10,28.71,29.17,28.63,29.14,630200,0.0,0
2016-10-11,29.11,29.11,28.5,28.69,364700,0.0,0
2016-10-12,28.73,29.06,28.73,28.99,286100,0.0,0
2016-10-13,29.01,29.68,28.99,29.39,431800,0.0,0
2016-10-14,29.25,29.55,29.12,29.23,275600,0.0,0
2016-10-17,29.31,29.56,29.31,29.49,212400,0.0,0
2016-10-18,29.63,29.86,29.29,29.68,308500,0.0,0
2016-10-19,29.58,29.86,29.4,29.81,362400,0.0,0
2016-10-20,29.86,29.91,29.58,29.58,403900,0.0,0
2016-10-21,29.35,29.61,29.17,29.31,500100,0.0,0
2016-10-24,29.58,29.63,29.03,29.35,488000,0.0,0
2016-10-25,29.31,29.4,29.03,29.31,859700,0.0,0
2016-10-26,29.26,29.34,28.89,29.31,770400,0.0,0
2016-10-27,29.23,29.47,29.05,29.33,935000,0.22,0
2016-10-28,29.97,30.3,29.19,29.56,1109800,0.0,0
2016-10-31,29.7,30.76,29.51,30.39,1144100,0.0,0
2016-11-01,30.34,30.48,29.74,29.97,648400,0.0,0
2016-11-02,29.93,30.02,29.37,29.56,558800,0.0,0
2016-11-03,29.42,29.88,29.33,29.65,308800,0.0,0
2016-11-04,29.65,30.11,29.51,29.51,465900,0.0,0
2016-11-07,29.84,30.3,29.33,30.3,641400,0.0,0
2016-11-08,30.39,30.95,30.34,30.71,555600,0.0,0
2016-11-09,30.07,30.39,29.7,29.97,678400,0.0,0
2016-11-10,29.88,29.97,28.63,29.47,742900,0.0,0
2016-11-11,29.51,30.07,29.47,29.84,1228300,0.0,0
2016-11-14,29.74,29.88,29.0,29.23,1280900,0.0,0
2016-11-15,29.28,29.93,29.19,29.93,517800,0.0,0
2016-11-16,30.02,30.25,29.33,29.74,686200,0.0,0
2016-11-17,29.65,29.97,29.65,29.84,428400,0.0,0
2016-11-18,29.79,30.11,29.65,29.79,546900,0.0,0
2016-11-21,29.93,30.16,29.74,29.97,599900,0.0,0
2016-11-22,30.02,30.25,29.84,30.11,521400,0.0,0
2016-11-23,29.74,30.25,29.74,30.02,486000,0.0,0
2016-11-25,30.16,30.53,30.16,30.48,241100,0.0,0
2016-11-28,30.67,30.95,30.58,30.81,651000,0.0,0
2016-11-29,30.76,30.95,30.46,30.62,721300,0.0,0
2016-11-30,30.16,30.21,29.19,29.23,767500,0.0,0
2016-12-01,29.05,29.19,28.68,28.91,742000,0.0,0
2016-12-02,28.86,29.42,28.77,29.1,853200,0.0,0
2016-12-05,29.1,29.28,28.73,29.23,501100,0.0,0
2016-12-06,29.19,29.42,28.82,29.23,666500,0.0,0
2016-12-07,29.47,29.83,29.28,29.65,759300,0.0,0
2016-12-08,29.42,30.16,29.19,30.16,638100,0.0,0
2016-12-09,30.11,30.67,30.07,30.53,788600,0.0,0
2016-12-12,30.39,30.88,30.39,30.71,677500,0.0,0
2016-12-13,31.13,31.32,30.71,30.85,865600,0.0,0
2016-12-14,31.08,31.32,30.02,30.11,906500,0.0,0
2016-12-15,30.11,30.53,29.84,30.34,826000,0.0,0
2016-12-16,30.58,31.22,30.53,31.04,1152000,0.0,0
2016-12-19,31.18,31.41,30.99,31.32,461900,0.0,0
2016-12-20,31.18,31.41,30.99,31.08,697100,0.0,0
2016-12-21,31.08,31.5,31.08,31.22,577300,0.0,0
2016-12-22,31.18,31.59,31.13,31.55,500800,0.0,0
2016-12-23,31.55,31.65,31.41,31.5,226700,0.0,0
2016-12-27,31.5,31.78,31.32,31.69,273400,0.0,0
2016-12-28,31.73,31.73,31.18,31.27,375100,0.0,0
2016-12-29,31.32,31.78,31.27,31.69,217300,0.0,0
2016-12-30,31.64,31.94,31.55,31.73,651600,0.0,0
2017-01-03,31.78,31.78,31.36,31.45,669400,0.0,0
2017-01-04,31.55,31.96,31.55,31.82,703900,0.0,0
2017-01-05,31.41,31.92,31.22,31.64,706200,0.0,0
2017-01-06,31.55,32.04,31.5,31.87,471400,0.0,0
2017-01-09,31.92,31.96,31.32,31.5,740300,0.0,0
2017-01-10,31.41,31.78,31.13,31.78,822800,0.0,0
2017-01-11,31.73,32.15,31.64,32.06,547500,0.0,0
2017-01-12,32.01,32.15,31.55,31.82,416000,0.0,0
2017-01-13,31.78,32.01,31.45,31.69,473500,0.0,0
2017-01-17,31.82,32.1,31.69,31.92,398500,0.0,0
2017-01-18,31.82,32.1,31.71,31.92,442800,0.0,0
2017-01-19,31.86,31.96,31.12,31.17,673900,0.243,0
2017-01-20,31.26,31.68,31.26,31.58,584100,0.0,0
2017-01-23,31.54,31.77,31.21,31.35,251500,0.0,0
2017-01-24,31.31,31.54,31.17,31.31,444900,0.0,0
2017-01-25,31.35,31.35,31.1,31.21,328300,0.0,0
2017-01-26,31.12,31.4,31.07,31.31,359200,0.0,0
2017-01-27,31.4,31.72,31.21,31.54,824500,0.0,0
2017-01-30,31.58,31.63,31.17,31.31,530700,0.0,0
2017-01-31,31.26,32.14,31.26,32.05,881400,0.0,0
2017-02-01,31.82,32.1,31.44,31.72,520500,0.0,0
2017-02-02,31.86,32.38,31.68,32.38,599900,0.0,0
2017-02-03,32.47,32.66,32.24,32.66,700700,0.0,0
2017-02-06,32.61,32.8,32.38,32.52,640100,0.0,0
2017-02-07,32.61,32.77,32.47,32.66,578500,0.0,0
2017-02-08,32.75,33.17,32.52,32.75,699300,0.0,0
2017-02-09,32.66,32.89,32.28,32.38,580500,0.0,0
2017-02-10,32.33,32.7,32.33,32.61,525700,0.0,0
2017-02-13,32.66,32.8,32.47,32.61,368200,0.0,0
2017-02-14,32.52,32.61,32.19,32.52,313600,0.0,0
2017-02-15,32.19,32.33,31.96,32.24,468300,0.0,0
2017-02-16,32.24,32.75,32.24,32.75,502100,0.0,0
2017-02-17,32.84,32.94,32.52,32.7,557100,0.0,0
2017-02-21,32.75,32.98,32.56,32.94,661500,0.0,0
2017-02-22,32.84,32.94,32.52,32.7,614900,0.0,0
2017-02-23,32.75,33.08,32.61,32.89,672100,0.0,0
2017-02-24,32.98,33.26,32.84,33.22,530800,0.0,0
2017-02-27,32.98,33.59,32.8,33.59,727600,0.0,0
2017-02-28,33.4,34.1,33.26,33.82,885700,0.0,0
2017-03-01,33.35,33.96,33.22,33.77,975700,0.0,0
2017-03-02,33.68,34.24,33.59,33.82,498600,0.0,0
2017-03-03,33.68,33.96,33.54,33.82,808000,0.0,0
2017-03-06,33.77,34.15,33.63,34.01,534000,0.0,0
2017-03-07,34.01,34.15,33.87,33.91,484100,0.0,0
2017-03-08,33.54,33.77,33.35,33.4,603600,0.0,0
2017-03-09,33.49,33.73,33.31,33.31,436300,0.0,0
2017-03-10,33.35,33.73,33.31,33.63,438800,0.0,0
2017-03-13,33.63,33.91,33.54,33.77,305400,0.0,0
2017-03-14,33.77,33.96,33.59,33.73,363700,0.0,0
2017-03-15,33.73,34.47,33.73,34.19,683900,0.0,0
2017-03-16,34.15,34.15,33.63,33.82,462300,0.0,0
2017-03-17,34.05,34.92,33.82,34.75,1396700,0.0,0
2017-03-20,34.71,34.89,34.19,34.24,543800,0.0,0
2017-03-21,34.38,34.99,34.19,34.71,536900,0.0,0
2017-03-22,34.89,35.22,34.66,34.75,363000,0.0,0
2017-03-23,34.71,35.22,34.66,34.75,370700,0.0,0
2017-03-24,34.8,35.22,34.75,35.03,279000,0.0,0
2017-03-27,35.03,35.31,34.8,34.99,288100,0.0,0
2017-03-28,34.89,35.13,34.71,34.99,393200,0.0,0
2017-03-29,34.85,35.03,34.47,34.61,627400,0.0,0
2017-03-30,34.57,34.57,34.15,34.47,394500,0.0,0
2017-03-31,34.38,34.75,34.29,34.47,578200,0.0,0
2017-04-03,34.43,34.57,34.19,34.57,872200,0.0,0
2017-04-04,34.43,34.89,34.43,34.75,495900,0.0,0
2017-04-05,34.75,35.03,34.52,34.99,669000,0.0,0
2017-04-06,34.85,35.26,34.61,35.17,916300,0.0,0
2017-04-07,35.22,35.4,34.89,34.99,722800,0.0,0
2017-04-10,34.89,35.17,34.8,35.08,583400,0.0,0
2017-04-11,34.99,35.26,34.94,35.17,503400,0.0,0
2017-04-12,35.13,35.59,34.94,35.5,434200,0.0,0
2017-04-13,35.54,35.54,34.85,34.85,759200,0.0,0
2017-04-17,34.8,35.4,34.8,35.4,371400,0.0,0
2017-04-18,35.45,35.54,35.17,35.45,381500,0.0,0
2017-04-19,35.31,35.36,34.85,34.94,640300,0.0,0
2017-04-20,34.99,35.13,34.61,34.99,550800,0.0,0
2017-04-21,34.75,35.31,34.75,35.17,786100,0.0,0
2017-04-24,35.17,35.59,35.08,35.45,565500,0.0,0
2017-04-25,35.36,35.54,35.29,35.4,437600,0.0,0
2017-04-26,35.36,35.68,35.22,35.45,436900,0.0,0
2017-04-27,35.54,35.68,35.3,35.4,601400,0.243,0
2017-04-28,35.07,36.0,34.88,34.93,612100,0.0,0
2017-05-01,34.98,35.12,34.38,34.69,882000,0.0,0
2017-05-02,34.74,34.98,34.38,34.55,946400,0.0,0
2017-05-03,34.55,34.6,34.23,34.51,723200,0.0,0
2017-05-04,34.46,34.62,34.23,34.6,528500,0.0,0
2017-05-05,34.69,35.35,34.69,35.3,934100,0.0,0
2017-05-08,35.21,35.4,34.74,35.12,641700,0.0,0
2017-05-09,35.07,35.12,34.27,34.46,943200,0.0,0
2017-05-10,34.46,34.65,34.27,34.46,585300,0.0,0
2017-05-11,34.37,34.51,34.18,34.51,424400,0.0,0
2017-05-12,34.51,34.79,34.46,34.65,351400,0.0,0
2017-05-15,34.65,34.79,34.41,34.55,657700,0.0,0
2017-05-16,34.65,34.74,34.37,34.41,638800,0.0,0
2017-05-17,34.41,34.51,34.18,34.23,609500,0.0,0
2017-05-18,34.23,34.55,33.97,34.18,819900,0.0,0
2017-05-19,34.27,34.27,33.8,34.04,790200,0.0,0
2017-05-22,34.04,34.46,33.76,34.46,582400,0.0,0
2017-05-23,34.55,35.16,34.41,35.07,701500,0.0,0
2017-05-24,35.21,35.43,34.98,35.21,480900,0.0,0
2017-05-25,35.26,35.54,35.02,35.4,540800,0.0,0
2017-05-26,35.4,35.59,35.3,35.35,296100,0.0,0
2017-05-30,35.35,35.73,35.26,35.68,601600,0.0,0
2017-05-31,35.73,36.1,35.59,36.1,547300,0.0,0
2017-06-01,36.1,36.38,35.73,36.34,599000,0.0,0
2017-06-02,36.62,37.09,36.24,36.9,583200,0.0,0
2017-06-05,36.9,36.99,36.34,36.48,587000,0.0,0
2017-06-06,36.43,36.62,36.24,36.43,543900,0.0,0
2017-06-07,36.52,37.04,36.43,36.94,563300,0.0,0
2017-06-08,36.94,36.94,36.48,36.71,685900,0.0,0
2017-06-09,36.71,36.94,36.48,36.85,553400,0.0,0
2017-06-12,36.94,37.04,36.71,36.71,556100,0.0,0
2017-06-13,36.62,36.8,36.43,36.76,423600,0.0,0
2017-06-14,36.99,37.18,36.66,36.94,468600,0.0,0
2017-06-15,36.71,37.04,36.71,36.94,493300,0.0,0
2017-06-16,36.62,37.46,36.44,37.37,1295200,0.0,0
2017-06-19,37.37,37.51,37.18,37.46,673400,0.0,0
2017-06-20,37.46,37.6,37.32,37.51,422700,0.0,0
2017-06-21,37.41,37.55,37.23,37.32,590300,0.0,0
2017-06-22,37.27,37.46,37.19,37.32,540000,0.0,0
2017-06-23,37.18,37.37,36.99,36.99,788300,0.0,0
2017-06-26,37.18,37.37,36.94,37.09,389400,0.0,0
2017-06-27,36.94,37.18,36.71,36.8,511400,0.0,0
2017-06-28,36.9,36.94,36.71,36.85,954600,0.0,0
2017-06-29,36.66,36.85,35.91,36.1,611800,0.0,0
2017-06-30,36.01,36.19,35.75,35.87,598800,0.0,0
2017-07-03,36.01,36.01,35.44,35.49,214400,0.0,0
2017-07-05,35.44,35.59,34.98,35.21,507600,0.0,0
2017-07-06,35.02,35.26,34.91,35.07,535200,0.0,0
2017-07-07,35.02,35.44,34.98,35.26,303000,0.0,0
2017-07-10,35.3,35.49,35.07,35.12,808500,0.0,0
2017-07-11,35.16,35.4,34.93,35.35,438500,0.0,0
2017-07-12,35.59,35.63,35.3,35.44,404700,0.0,0
2017-07-13,35.44,35.49,34.93,35.02,536000,0.0,0
2017-07-14,35.3,35.49,35.07,35.07,362800,0.0,0
2017-07-17,35.02,35.21,34.93,35.07,451700,0.0,0
2017-07-18,35.02,35.35,35.02,35.21,675700,0.0,0
2017-07-19,35.4,35.68,35.32,35.44,500400,0.0,0
2017-07-20,35.54,36.32,35.54,36.1,406100,0.0,0
2017-07-21,36.52,36.8,36.19,36.76,413100,0.0,0
2017-07-24,36.71,36.85,36.34,36.43,299600,0.0,0
2017-07-25,36.38,36.57,36.33,36.34,579100,0.0,0
2017-07-26,36.24,36.8,36.19,36.66,456100,0.0,0
2017-07-27,36.66,37.13,36.57,36.99,725500,0.0,0
2017-07-28,36.76,37.13,36.52,36.8,629700,0.0,0
2017-07-31,36.9,37.41,36.62,37.37,689000,0.0,0
2017-08-01,37.37,37.93,37.37,37.88,563900,0.0,0
2017-08-02,37.79,38.16,37.65,37.84,635400,0.0,0
2017-08-03,37.83,38.68,37.73,38.63,568700,0.243,0
2017-08-04,38.44,38.96,38.44,38.87,537100,0.0,0
2017-08-07,38.87,39.29,38.68,39.24,433500,0.0,0
2017-08-08,39.1,39.81,39.06,39.45,606600,0.0,0
2017-08-09,39.39,39.39,38.87,39.06,471700,0.0,0
2017-08-10,39.01,39.27,38.63,39.06,647300,0.0,0
2017-08-11,38.87,39.06,38.58,38.87,339500,0.0,0
2017-08-14,39.01,39.27,38.96,39.15,370100,0.0,0
2017-08-15,38.96,39.39,38.96,39.29,467900,0.0,0
2017-08-16,39.43,39.62,39.15,39.62,361100,0.0,0
2017-08-17,39.48,39.76,39.29,39.34,465900,0.0,0
2017-08-18,38.44,39.48,37.97,39.15,741500,0.0,0
2017-08-21,39.15,39.53,39.01,39.43,285200,0.0,0
2017-08-22,39.48,40.23,39.27,40.14,652400,0.0,0
2017-08-23,39.95,40.19,39.67,40.09,517600,0.0,0
2017-08-24,40.09,40.09,39.67,40.0,488500,0.0,0
2017-08-25,40.05,40.42,39.9,40.38,366800,0.0,0
2017-08-28,40.38,40.52,40.05,40.23,392400,0.0,0
2017-08-29,40.28,40.42,39.95,40.09,383600,0.0,0
2017-08-30,39.95,40.09,39.81,39.9,329800,0.0,0
2017-08-31,39.9,40.17,39.72,40.0,662500,0.0,0
2017-09-01,40.14,40.28,39.86,40.14,313700,0.0,0
2017-09-05,40.14,40.28,39.9,40.0,435000,0.0,0
2017-09-06,40.09,40.14,39.81,39.9,344400,0.0,0
2017-09-07,39.9,40.19,39.81,40.14,303300,0.0,0
2017-09-08,40.09,40.28,39.93,40.14,904700,0.0,0
2017-09-11,40.19,40.61,39.95,40.52,1274200,0.0,0
2017-09-12,40.38,40.38,39.48,39.62,400400,0.0,0
2017-09-13,39.53,39.57,39.29,39.43,417300,0.0,0
2017-09-14,39.43,39.93,39.24,39.9,273500,0.0,0
2017-09-15,40.0,40.14,39.67,40.09,734200,0.0,0
2017-09-18,39.72,39.86,39.1,39.23,680900,0.0,0
2017-09-19,39.29,39.57,39.2,39.34,558200,0.0,0
2017-09-20,39.43,39.76,39.23,39.24,727600,0.0,0
2017-09-21,39.29,39.57,39.15,39.24,330900,0.0,0
2017-09-22,39.29,39.34,38.87,38.96,453400,0.0,0
2017-09-25,38.82,39.39,38.68,39.29,363100,0.0,0
2017-09-26,38.58,39.24,38.06,38.87,557800,0.0,0
2017-09-27,38.63,38.94,38.52,38.87,632500,0.0,0
2017-09-28,38.73,38.77,38.4,38.68,823300,0.0,0
2017-09-29,38.73,38.82,38.02,38.02,775000,0.0,0
2017-10-02,38.25,38.63,38.16,38.49,652800,0.0,0
2017-10-03,38.63,38.68,37.78,37.92,970800,0.0,0
2017-10-04,38.02,38.58,37.88,38.35,817600,0.0,0
2017-10-05,38.4,38.54,37.88,38.44,816500,0.0,0
2017-10-06,38.3,38.63,38.16,38.4,874500,0.0,0
2017-10-09,38.35,38.54,38.06,38.16,559200,0.0,0
2017-10-10,38.35,38.87,38.16,38.49,1050200,0.0,0
2017-10-11,38.44,39.1,38.44,38.96,515500,0.0,0
2017-10-12,39.06,39.29,38.82,39.01,548800,0.0,0
2017-10-13,39.06,39.53,38.91,39.01,476100,0.0,0
2017-10-16,39.06,39.2,38.49,38.63,570200,0.0,0
2017-10-17,38.54,39.2,38.54,39.01,624600,0.0,0
2017-10-18,39.01,39.32,38.87,39.2,358600,0.0,0
2017-10-19,39.2,39.6,39.2,39.53,376400,0.0,0
2017-10-20,39.57,39.95,39.48,39.76,869000,0.0,0
2017-10-23,39.86,39.95,39.6,39.81,533800,0.0,0
2017-10-24,39.43,40.05,39.43,39.86,881500,0.0,0
2017-10-25,39.76,40.22,39.39,39.9,649700,0.0,0
2017-10-26,40.05,40.31,39.67,39.76,817600,0.0,0
2017-10-27,39.19,41.18,39.09,41.04,963900,0.243,0
2017-10-30,41.08,41.16,40.42,40.71,1270500,0.0,0
2017-10-31,40.85,41.56,40.85,41.18,1422300,0.0,0
2017-11-01,41.46,41.46,40.28,40.33,1029900,0.0,0
2017-11-02,40.28,40.73,40.09,40.56,1315700,0.0,0
2017-11-03,40.42,40.56,40.04,40.23,756100,0.0,0
2017-11-06,40.33,40.71,40.04,40.23,620600,0.0,0
2017-11-07,40.33,41.26,40.18,41.08,575800,0.0,0
2017-11-08,40.85,41.23,40.71,41.18,438000,0.0,0
2017-11-09,41.08,41.46,40.94,41.27,452700,0.0,0
2017-11-10,41.27,41.4,40.94,41.18,415000,0.0,0
2017-11-13,41.13,41.89,40.99,41.56,691900,0.0,0
2017-11-14,41.37,42.6,41.3,42.56,533300,0.0,0
2017-11-15,42.56,42.6,42.13,42.22,951900,0.0,0
2017-11-16,42.27,42.93,42.03,42.84,628600,0.0,0
2017-11-17,42.6,42.84,42.16,42.46,512800,0.0,0
2017-11-20,42.56,42.58,42.27,42.51,419300,0.0,0
2017-11-21,42.6,42.79,42.46,42.75,379300,0.0,0
2017-11-22,42.65,42.75,42.18,42.18,304300,0.0,0
2017-11-24,42.22,42.37,42.03,42.22,123300,0.0,0
2017-11-27,42.37,42.7,42.14,42.6,501700,0.0,0
2017-11-28,42.65,43.08,42.63,42.84,486800,0.0,0
2017-11-29,42.79,43.17,42.65,42.79,355300,0.0,0
2017-11-30,42.93,43.22,42.7,43.17,720800,0.0,0
2017-12-01,43.27,43.46,42.65,43.17,476000,0.0,0
2017-12-04,43.5,43.65,42.96,43.08,413700,0.0,0
2017-12-05,43.08,43.17,42.32,42.46,491400,0.0,0
2017-12-06,42.56,42.79,42.41,42.56,383000,0.0,0
2017-12-07,42.51,42.6,42.22,42.51,630400,0.0,0
2017-12-08,42.56,43.12,42.32,42.79,700500,0.0,0
2017-12-11,42.65,42.98,42.56,42.89,438900,0.0,0
2017-12-12,42.7,42.84,41.61,41.61,535200,0.0,0
2017-12-13,41.75,42.03,41.27,41.37,980200,0.0,0
2017-12-14,41.37,41.7,40.99,41.13,1072900,0.0,0
2017-12-15,41.23,42.13,41.23,41.7,1982500,0.0,0
2017-12-18,41.75,41.89,41.08,41.13,453200,0.0,0
2017-12-19,41.27,41.37,40.23,40.33,381100,0.0,0
2017-12-20,40.33,40.37,39.9,39.95,320000,0.0,0
2017-12-21,39.85,39.85,39.04,39.14,684300,0.0,0
2017-12-22,39.28,39.33,38.81,38.81,511600,0.0,0
2017-12-26,38.81,39.0,38.05,38.14,567400,0.0,0
2017-12-27,38.1,38.48,37.72,38.26,1475400,0.0,0
2017-12-28,38.43,38.62,38.14,38.52,454600,0.0,0
2017-12-29,38.76,38.76,38.33,38.38,391400,0.0,0
2018-01-02,38.48,38.48,37.43,37.91,761900,0.0,0
2018-01-03,37.81,38.05,37.29,37.62,949300,0.0,0
2018-01-04,37.53,38.19,37.38,37.48,926600,0.0,0
2018-01-05,37.57,37.67,37.19,37.38,440700,0.0,0
2018-01-08,37.34,38.14,37.29,37.86,899400,0.0,0
2018-01-09,37.76,37.86,36.72,37.0,1209100,0.0,0
2018-01-10,36.81,37.05,35.77,35.82,1161800,0.0,0
2018-01-11,35.68,35.87,34.44,34.68,1680900,0.0,0
2018-01-12,34.63,34.63,33.87,33.87,634900,0.0,0
2018-01-16,33.87,34.16,33.59,33.73,964100,0.0,0
2018-01-17,33.7,34.65,33.6,34.56,1549400,0.265,0
2018-01-18,34.51,34.99,34.22,34.61,1253400,0.0,0
2018-01-19,34.61,35.61,34.61,35.37,1277300,0.0,0
2018-01-22,35.51,35.97,35.37,35.42,714200,0.0,0
2018-01-23,35.85,36.33,35.75,35.99,907500,0.0,0
2018-01-24,36.09,36.25,35.9,35.99,777900,0.0,0
2018-01-25,36.14,36.33,36.04,36.28,835300,0.0,0
2018-01-26,36.37,36.47,35.83,36.42,579500,0.0,0
2018-01-29,36.33,36.33,35.75,35.94,557800,0.0,0
2018-01-30,35.9,36.28,35.85,36.04,528100,0.0,0
2018-01-31,36.18,36.47,35.99,36.42,587400,0.0,0
2018-02-01,36.14,36.37,35.08,35.23,530800,0.0,0
2018-02-02,34.8,35.18,34.65,34.89,588900,0.0,0
2018-02-05,34.75,35.08,33.79,33.84,923500,0.0,0
2018-02-06,33.46,33.65,32.65,33.12,1070100,0.0,0
2018-02-07,33.08,33.46,32.89,32.93,832900,0.0,0
2018-02-08,32.89,33.03,32.26,32.31,1558500,0.0,0
2018-02-09,32.41,33.7,32.41,33.46,917400,0.0,0
2018-02-12,33.32,33.89,32.79,33.65,712400,0.0,0
2018-02-13,33.55,33.7,32.93,33.41,556700,0.0,0
2018-02-14,33.12,33.55,32.93,33.08,428300,0.0,0
2018-02-15,33.22,34.03,33.12,34.03,477800,0.0,0
2018-02-16,33.94,34.27,33.7,34.18,407100,0.0,0
2018-02-20,33.98,34.18,33.46,33.75,441500,0.0,0
2018-02-21,33.89,35.04,33.65,33.89,1206700,0.0,0
2018-02-22,34.03,34.37,33.7,33.89,398800,0.0,0
2018-02-23,33.94,34.99,33.89,34.89,464900,0.0,0
2018-02-26,34.89,35.08,34.37,34.7,587500,0.0,0
2018-02-27,34.94,35.08,33.89,33.94,440200,0.0,0
2018-02-28,34.13,34.49,33.65,33.65,863500,0.0,0
2018-03-01,33.65,34.22,33.49,33.84,480700,0.0,0
2018-03-02,33.75,34.32,33.7,34.27,875000,0.0,0
2018-03-05,34.13,34.75,34.08,34.46,673200,0.0,0
2018-03-06,34.51,34.56,33.75,33.79,528100,0.0,0
2018-03-07,33.65,33.89,33.41,33.55,540700,0.0,0
2018-03-08,33.7,34.01,33.62,33.89,432600,0.0,0
2018-03-09,33.94,34.4,33.75,34.13,539200,0.0,0
2018-03-12,34.13,34.65,34.03,34.61,324500,0.0,0
2018-03-13,34.75,34.99,34.37,34.56,445700,0.0,0
2018-03-14,34.75,35.08,34.65,34.94,383300,0.0,0
2018-03-15,34.94,35.47,34.94,35.04,707600,0.0,0
2018-03-16,35.08,35.47,35.08,35.37,797200,0.0,0
2018-03-19,35.37,35.73,35.23,35.47,311200,0.0,0
2018-03-20,35.47,35.66,35.13,35.37,315300,0.0,0
2018-03-21,35.42,35.9,35.29,35.37,370700,0.0,0
2018-03-22,35.37,36.42,35.23,35.56,583200,0.0,0
2018-03-23,35.51,36.04,34.84,34.84,484000,0.0,0
2018-03-26,35.23,35.75,35.11,35.71,570100,0.0,0
2018-03-27,35.71,36.52,35.56,36.23,478200,0.0,0
2018-03-28,36.33,36.95,36.14,36.61,779300,0.0,0
2018-03-29,36.47,37.0,36.47,36.57,701400,0.0,0
2018-04-02,36.61,36.9,35.73,35.9,517100,0.0,0
2018-04-03,35.85,36.42,35.75,36.18,703200,0.0,0
2018-04-04,36.09,36.37,35.75,36.23,571200,0.0,0
2018-04-05,36.28,36.55,35.8,36.42,360200,0.0,0
2018-04-06,36.42,36.71,36.14,36.28,440100,0.0,0
2018-04-09,36.28,36.66,36.09,36.18,304000,0.0,0
2018-04-10,36.23,36.28,35.75,35.85,644100,0.0,0
2018-04-11,35.8,35.99,35.64,35.85,238800,0.0,0
2018-04-12,36.33,36.33,35.47,35.61,397600,0.0,0
2018-04-13,35.71,36.18,35.71,36.14,350400,0.0,0
2018-04-16,36.23,37.04,36.18,37.0,407600,0.0,0
2018-04-17,37.09,37.57,36.85,37.38,328000,0.0,0
2018-04-18,37.38,37.57,36.9,36.9,747800,0.0,0
2018-04-19,36.8,37.04,36.73,37.04,271900,0.0,0
2018-04-20,36.9,37.04,36.66,36.95,370000,0.0,0
2018-04-23,37.09,37.38,37.0,37.23,442000,0.0,0
2018-04-24,37.33,37.95,37.21,37.76,558000,0.0,0
2018-04-25,37.66,37.86,37.28,37.43,640400,0.0,0
2018-04-26,37.47,38.14,37.28,37.95,559000,0.0,0
2018-04-27,37.62,38.94,37.62,38.29,620300,0.0,0
2018-04-30,38.43,38.57,37.9,37.9,640100,0.0,0
2018-05-01,38.01,38.01,37.44,37.68,449300,0.265,0
2018-05-02,37.53,37.85,37.24,37.49,1248300,0.0,0
2018-05-03,37.39,38.83,36.91,38.26,1020400,0.0,0
2018-05-04,38.35,38.77,38.21,38.59,423900,0.0,0
2018-05-07,38.64,38.64,37.82,37.92,762700,0.0,0
2018-05-08,37.82,37.92,36.79,36.96,381600,0.0,0
2018-05-09,37.05,37.05,36.43,36.76,239900,0.0,0
2018-05-10,37.0,37.1,36.72,37.0,237200,0.0,0
2018-05-11,37.24,37.49,37.15,37.24,332100,0.0,0
2018-05-14,37.24,37.39,36.81,37.05,312200,0.0,0
2018-05-15,36.81,36.91,36.47,36.72,657100,0.0,0
2018-05-16,36.86,36.86,36.23,36.52,450400,0.0,0
2018-05-17,36.52,36.62,36.21,36.38,338600,0.0,0
2018-05-18,36.52,36.65,36.19,36.47,531600,0.0,0
2018-05-21,36.47,36.72,36.19,36.57,311000,0.0,0
2018-05-22,36.67,37.05,36.52,36.96,293700,0.0,0
2018-05-23,37.05,37.63,36.67,37.49,296200,0.0,0
2018-05-24,37.39,37.68,37.24,37.53,209300,0.0,0
2018-05-25,37.63,38.16,37.53,38.11,287300,0.0,0
2018-05-29,38.01,38.64,37.87,38.26,355100,0.0,0
2018-05-30,38.26,39.07,38.26,38.93,420000,0.0,0
2018-05-31,38.93,39.03,38.4,38.45,433900,0.0,0
2018-06-01,38.45,38.54,37.53,37.58,258000,0.0,0
2018-06-04,37.77,37.87,36.91,37.05,718200,0.0,0
2018-06-05,37.05,37.1,36.09,36.14,435800,0.0,0
2018-06-06,36.14,36.19,33.92,34.45,1052600,0.0,0
2018-06-07,34.45,35.08,34.31,34.5,518000,0.0,0
2018-06-08,34.65,34.79,34.17,34.36,393600,0.0,0
2018-06-11,34.36,34.36,33.64,33.73,357800,0.0,0
2018-06-12,33.64,34.36,33.64,34.31,372100,0.0,0
2018-06-13,34.31,34.68,34.12,34.5,387400,0.0,0
2018-06-14,34.65,35.08,34.64,35.08,354200,0.0,0
2018-06-15,35.03,35.45,34.79,35.37,670500,0.0,0
2018-06-18,35.42,36.62,35.22,36.43,567000,0.0,0
2018-06-19,36.47,37.34,36.47,37.2,423100,0.0,0
2018-06-20,37.15,37.39,36.28,36.38,542300,0.0,0
2018-06-21,36.62,36.91,36.28,36.76,331000,0.0,0
2018-06-22,36.86,37.39,36.86,37.24,462300,0.0,0
2018-06-25,37.39,37.58,37.24,37.49,354500,0.0,0
2018-06-26,37.39,37.77,37.27,37.39,576100,0.0,0
2018-06-27,37.29,37.63,37.05,37.49,212300,0.0,0
2018-06-28,37.58,37.87,37.46,37.49,290900,0.0,0
2018-06-29,37.39,37.68,37.15,37.44,559100,0.0,0
2018-07-02,37.53,37.73,37.15,37.53,391400,0.0,0
2018-07-03,37.63,38.06,37.34,37.68,279400,0.0,0
2018-07-05,37.73,38.06,37.42,38.01,490100,0.0,0
2018-07-06,38.01,38.35,37.87,38.21,717400,0.0,0
2018-07-09,38.3,38.3,36.43,36.57,524700,0.0,0
2018-07-10,36.38,37.05,36.19,36.81,449800,0.0,0
2018-07-11,36.91,37.49,36.91,37.15,431600,0.0,0
2018-07-12,37.2,37.34,36.81,36.96,273000,0.0,0
2018-07-13,36.96,37.2,36.52,36.86,321600,0.0,0
2018-07-16,36.86,37.0,36.52,36.81,320900,0.0,0
2018-07-17,36.91,37.0,36.52,36.57,293700,0.0,0
2018-07-18,36.47,36.67,36.12,36.23,321800,0.0,0
2018-07-19,36.38,37.1,36.38,36.86,543200,0.0,0
2018-07-20,36.81,36.96,36.12,36.62,311000,0.0,0
2018-07-23,36.62,36.81,36.19,36.52,498100,0.0,0
2018-07-24,36.43,36.65,35.77,36.43,753100,0.0,0
2018-07-25,36.38,36.91,36.38,36.67,383600,0.0,0
2018-07-26,36.96,37.49,36.84,37.0,350800,0.0,0
2018-07-27,37.0,37.37,36.76,36.86,668000,0.0,0
2018-07-30,36.72,37.1,36.47,36.67,388500,0.0,0
2018-07-31,37.39,38.4,36.91,37.87,1111400,0.0,0
2018-08-01,37.77,37.77,36.81,37.39,1374300,0.0,0
2018-08-02,37.39,38.33,37.15,38.21,594100,0.0,0
2018-08-03,38.17,38.61,38.08,38.37,370900,0.265,0
2018-08-06,38.37,38.75,38.37,38.66,284500,0.0,0
2018-08-07,38.66,38.71,38.37,38.51,561400,0.0,0
2018-08-08,38.37,38.9,38.27,38.46,550100,0.0,0
2018-08-09,38.42,38.8,38.32,38.71,224700,0.0,0
2018-08-10,38.71,39.24,38.51,38.56,339800,0.0,0
2018-08-13,38.66,38.75,38.22,38.56,293600,0.0,0
2018-08-14,38.61,39.29,38.61,38.85,303700,0.0,0
2018-08-15,38.95,39.53,38.68,38.71,431400,0.0,0
2018-08-16,38.61,39.14,38.46,39.09,601800,0.0,0
2018-08-17,39.09,39.67,39.0,39.38,408100,0.0,0
2018-08-20,39.58,39.63,39.0,39.14,365500,0.0,0
2018-08-21,39.09,39.24,38.85,39.05,392000,0.0,0
2018-08-22,38.95,39.09,38.09,38.32,377800,0.0,0
2018-08-23,38.32,38.56,37.98,38.17,336600,0.0,0
2018-08-24,38.17,38.42,38.08,38.32,367500,0.0,0
2018-08-27,38.32,38.32,37.64,37.69,282800,0.0,0
2018-08-28,37.69,37.93,37.35,37.69,250500,0.0,0
2018-08-29,37.74,38.17,37.69,38.03,257900,0.0,0
2018-08-30,38.03,38.22,37.93,37.98,266700,0.0,0
2018-08-31,37.93,38.22,37.62,37.74,353200,0.0,0
2018-09-04,37.64,38.08,37.5,37.54,337600,0.0,0
2018-09-05,37.54,38.51,37.54,38.46,347300,0.0,0
2018-09-06,38.56,39.48,38.37,38.95,808700,0.0,0
2018-09-07,38.71,39.0,38.08,38.12,414000,0.0,0
2018-09-10,38.27,38.51,38.17,38.27,420800,0.0,0
2018-09-11,38.22,38.56,38.22,38.27,194700,0.0,0
2018-09-12,38.17,38.51,37.98,38.37,268300,0.0,0
2018-09-13,38.46,38.61,38.21,38.51,318800,0.0,0
2018-09-14,38.32,38.68,38.08,38.46,305300,0.0,0
2018-09-17,38.66,38.75,38.32,38.66,215100,0.0,0
2018-09-18,38.66,39.19,38.37,39.0,442700,0.0,0
2018-09-19,39.09,39.09,37.5,37.69,369300,0.0,0
2018-09-20,37.69,38.25,37.45,38.22,280200,0.0,0
2018-09-21,38.08,38.46,37.88,38.17,690800,0.0,0
2018-09-24,38.08,38.27,37.98,38.08,262300,0.0,0
2018-09-25,38.03,38.03,37.45,37.5,222800,0.0,0
2018-09-26,37.59,37.79,37.01,37.01,326500,0.0,0
2018-09-27,37.16,37.93,36.96,37.54,299300,0.0,0
2018-09-28,37.59,38.27,37.59,38.22,309400,0.0,0
2018-10-01,38.16,38.16,37.39,37.55,358800,0.0,0
2018-10-02,37.63,38.37,37.55,38.19,315400,0.0,0
2018-10-03,38.16,38.54,37.64,37.92,241400,0.0,0
2018-10-04,37.75,38.25,37.45,37.92,355700,0.0,0
2018-10-05,37.9,38.47,37.76,38.29,455100,0.0,0
2018-10-08,38.43,39.08,38.33,38.64,307700,0.0,0
2018-10-09,38.61,39.26,38.49,38.71,538400,0.0,0
2018-10-10,38.58,39.33,38.45,38.48,474200,0.0,0
2018-10-11,38.49,38.66,37.27,37.39,595500,0.0,0
2018-10-12,37.43,37.48,36.72,37.12,521500,0.0,0
2018-10-15,36.97,37.59,36.97,37.33,323500,0.0,0
2018-10-16,37.14,37.87,36.89,37.72,306600,0.0,0
2018-10-17,37.73,37.89,37.31,37.88,269500,0.0,0
2018-10-18,37.97,38.48,37.97,38.34,515800,0.0,0
2018-10-19,38.28,39.08,38.28,39.04,437500,0.0,0
2018-10-22,39.12,39.22,38.54,38.62,467500,0.0,0
2018-10-23,38.64,38.85,38.11,38.12,316300,0.0,0
2018-10-24,38.31,39.29,38.16,39.01,540900,0.0,0
2018-10-25,38.77,39.01,37.75,37.88,665100,0.0,0
2018-10-26,37.96,38.02,37.0,37.45,452400,0.0,0
2018-10-29,37.52,38.01,37.44,37.65,322900,0.0,0
2018-10-30,37.79,38.14,37.34,37.77,479500,0.0,0
2018-10-31,37.6,37.6,36.85,37.21,427000,0.0,0
2018-11-01,37.28,37.41,37.0,37.38,448000,0.265,0
2018-11-02,37.47,37.8,36.75,37.21,436500,0.0,0
2018-11-05,37.11,38.21,37.11,38.01,528900,0.0,0
2018-11-06,37.8,38.64,37.58,38.39,649400,0.0,0
2018-11-07,38.47,39.7,38.27,39.68,742300,0.0,0
2018-11-08,39.79,40.0,38.92,39.71,420000,0.0,0
2018-11-09,39.51,40.11,39.51,39.62,701700,0.0,0
2018-11-12,39.43,40.25,39.11,39.83,423200,0.0,0
2018-11-13,39.92,40.49,39.61,40.4,639600,0.0,0
2018-11-14,40.11,40.92,40.01,40.64,677800,0.0,0
2018-11-15,40.44,40.98,39.79,40.98,409800,0.0,0
2018-11-16,41.13,41.68,41.13,41.35,466000,0.0,0
2018-11-19,41.32,41.63,40.95,41.6,459300,0.0,0
2018-11-20,41.64,42.07,41.08,41.5,517600,0.0,0
2018-11-21,41.38,41.6,40.8,40.93,314300,0.0,0
2018-11-23,40.92,41.3,40.67,41.11,131300,0.0,0
2018-11-26,41.22,41.37,40.97,41.31,342500,0.0,0
2018-11-27,41.33,41.74,41.13,41.56,340500,0.0,0
2018-11-28,41.62,41.95,41.37,41.72,375200,0.0,0
2018-11-29,41.59,41.77,40.75,41.19,428600,0.0,0
2018-11-30,41.2,42.23,41.08,42.17,501800,0.0,0
2018-12-03,42.15,42.46,41.57,42.42,310900,0.0,0
2018-12-04,42.68,43.33,42.21,42.35,771400,0.0,0
2018-12-06,42.37,42.42,41.09,41.92,701300,0.0,0
2018-12-07,41.95,42.99,41.67,42.68,541100,0.0,0
2018-12-10,42.73,43.07,42.25,42.97,332500,0.0,0
2018-12-11,43.12,43.48,42.78,43.28,439700,0.0,0
2018-12-12,43.41,44.05,43.18,43.33,592400,0.0,0
2018-12-13,43.37,44.24,43.31,43.61,567600,0.0,0
2018-12-14,43.63,43.81,42.97,43.15,501200,0.0,0
2018-12-17,43.27,43.31,41.79,41.95,587200,0.0,0
2018-12-18,42.22,42.51,41.37,41.41,518500,0.0,0
2018-12-19,41.58,42.07,40.98,41.49,507800,0.0,0
2018-12-20,41.55,42.75,41.12,42.2,443200,0.0,0
2018-12-21,42.04,43.25,41.39,41.44,1544100,0.0,0
2018-12-24,41.33,41.39,38.88,38.98,259000,0.0,0
2018-12-26,39.04,39.73,38.56,39.65,407600,0.0,0
2018-12-27,39.23,39.8,38.8,39.79,773200,0.0,0
2018-12-28,39.86,40.31,39.54,39.83,399100,0.0,0
2018-12-31,39.9,40.12,39.37,40.09,438800,0.0,0
